#TimeStep,Date,DaysInPeriod,ZeroOrderDIM,AverageDIM,AverageFLOW,SimpleDIM,NettingSet
0,2016-02-19,14,3125613.409752,3123367.199325,0.000000,3046376.959391,CPTY_A
1,2016-03-04,14,3122618.984684,3120136.233187,-251521.411589,3039639.679344,CPTY_A
2,2016-03-18,14,3019033.436671,3016226.269380,0.000000,3138797.380604,CPTY_A
3,2016-04-01,14,3022527.744326,3018403.502852,0.000000,3087946.098948,CPTY_A
4,2016-04-15,14,3036341.971513,3032360.043928,153896.498458,3079127.105155,CPTY_A
5,2016-04-29,14,3007945.927843,3002559.820887,0.000000,3078158.607398,CPTY_A
6,2016-05-13,14,3002182.077788,2997585.860741,0.000000,2985238.034229,CPTY_A
7,2016-05-27,14,3006141.050285,2998364.658276,10657.302075,3070766.179702,CPTY_A
8,2016-06-10,14,2974768.688645,2968262.193578,0.000000,2959906.152931,CPTY_A
9,2016-06-24,14,2998901.784788,2989465.174385,0.000000,3029270.050170,CPTY_A
10,2016-07-08,14,3019568.037927,3005644.577805,134599.286614,2977454.779136,CPTY_A
11,2016-07-22,14,2972090.040039,2963484.553501,0.000000,2934229.554111,CPTY_A
12,2016-08-05,14,2957543.294842,2951379.944119,0.000000,2858241.154435,CPTY_A
13,2016-08-19,14,2965730.499624,2952932.424275,0.000000,3033859.485314,CPTY_A
14,2016-09-02,14,2985299.085546,2971148.894243,80005.910670,3004237.026597,CPTY_A
15,2016-09-16,14,2941793.387572,2924717.429351,0.000000,2991382.316705,CPTY_A
16,2016-09-30,14,2826864.151209,2813849.556368,0.000000,2881034.547711,CPTY_A
17,2016-10-14,14,2877201.148694,2859474.704376,128441.595094,2886423.872528,CPTY_A
18,2016-10-28,17,2839147.103605,2826560.278233,0.000000,2747752.220972,CPTY_A
19,2016-11-14,11,2848300.999570,2830554.830758,0.000000,2834779.680115,CPTY_A
20,2016-11-25,14,2849264.441529,2832781.848936,10478.825789,2910529.725098,CPTY_A
21,2016-12-09,14,2849504.286069,2832154.707042,0.000000,2820730.594060,CPTY_A
22,2016-12-23,14,2846402.172433,2830269.773739,0.000000,2774140.435323,CPTY_A
23,2017-01-06,14,2835574.647024,2819523.043426,0.000000,2907931.513873,CPTY_A
24,2017-01-20,14,2863845.886933,2841325.723840,118391.863241,2905731.044659,CPTY_A
25,2017-02-03,14,2770346.919518,2754395.709442,0.000000,2771026.077923,CPTY_A
26,2017-02-17,14,2775668.482094,2759655.626295,0.000000,2857218.198279,CPTY_A
27,2017-03-03,14,2776048.468588,2754715.479838,-199850.084298,2755346.759746,CPTY_A
28,2017-03-17,14,2693951.001236,2669957.043329,0.000000,2746730.514433,CPTY_A
29,2017-03-31,18,2676575.128304,2653738.163308,0.000000,2778918.330347,CPTY_A
30,2017-04-18,10,2679404.428751,2662627.457148,115812.015235,2686690.698701,CPTY_A
31,2017-04-28,14,2647803.924024,2625958.967970,0.000000,2612260.482483,CPTY_A
32,2017-05-12,14,2642776.150282,2629445.923962,0.000000,2635799.097048,CPTY_A
33,2017-05-26,14,2642121.475977,2627086.533598,15953.886716,2601546.830462,CPTY_A
34,2017-06-09,14,2631795.226909,2619290.902123,0.000000,2686353.612255,CPTY_A
35,2017-06-23,14,2664402.047515,2638571.222872,0.000000,2812693.666511,CPTY_A
36,2017-07-07,14,2633262.976713,2614058.204083,0.000000,2629936.638792,CPTY_A
37,2017-07-21,14,2655872.705488,2623174.418898,110376.210108,2742181.008904,CPTY_A
38,2017-08-04,14,2627257.682255,2601987.225223,0.000000,2694334.662385,CPTY_A
39,2017-08-18,14,2628029.041062,2600590.656639,0.000000,2682520.883321,CPTY_A
40,2017-09-01,14,2609556.338536,2586910.543448,74984.959627,2626286.249681,CPTY_A
41,2017-09-15,14,2493139.401381,2469000.054836,0.000000,2432923.848687,CPTY_A
42,2017-09-29,14,2519881.856152,2492283.535657,0.000000,2547980.658764,CPTY_A
43,2017-10-13,14,2509558.419436,2487718.932384,108436.985050,2534455.320505,CPTY_A
44,2017-10-27,17,2525168.150088,2488441.406582,0.000000,2518853.995434,CPTY_A
45,2017-11-13,11,2545523.006378,2503571.019245,0.000000,2540858.437514,CPTY_A
46,2017-11-24,14,2488534.514768,2450651.375949,15224.385538,2664645.255887,CPTY_A
47,2017-12-08,14,2500452.565342,2475318.439382,0.000000,2568271.542955,CPTY_A
48,2017-12-22,14,2490598.023919,2459535.198102,0.000000,2508687.860007,CPTY_A
49,2018-01-05,14,2472480.486493,2440288.778172,0.000000,2483211.036148,CPTY_A
50,2018-01-19,14,2456630.585956,2434790.972259,106952.958957,2463954.003372,CPTY_A
51,2018-02-02,14,2404532.987562,2372579.670437,0.000000,2385535.691552,CPTY_A
52,2018-02-16,14,2382114.817671,2353698.441234,0.000000,2435832.771391,CPTY_A
53,2018-03-02,14,2388997.982615,2354959.791220,-228125.122429,2474570.165871,CPTY_A
54,2018-03-16,18,2274141.164247,2252980.027427,0.000000,2328731.183000,CPTY_A
55,2018-04-03,10,2279909.293847,2253107.561038,0.000000,2428352.222365,CPTY_A
56,2018-04-13,14,2294132.644563,2260682.731236,89229.803653,2291509.934968,CPTY_A
57,2018-04-27,14,2234437.150082,2203880.055895,0.000000,2229238.223656,CPTY_A
58,2018-05-11,14,2262357.647250,2234562.670574,0.000000,2343520.883827,CPTY_A
59,2018-05-25,14,2262491.773186,2229307.006025,5925.306380,2233845.037314,CPTY_A
60,2018-06-08,14,2252362.008161,2221783.343029,0.000000,2277571.004546,CPTY_A
61,2018-06-22,14,2244253.010376,2208232.150843,0.000000,2277798.436978,CPTY_A
62,2018-07-06,14,2255697.265336,2223081.066512,0.000000,2296721.834089,CPTY_A
63,2018-07-20,14,2256333.503017,2217382.981529,84511.962134,2323875.227196,CPTY_A
64,2018-08-03,14,2204227.326846,2176817.580900,0.000000,2214046.482465,CPTY_A
65,2018-08-17,14,2225469.703074,2191347.285535,0.000000,2226035.696463,CPTY_A
66,2018-08-31,14,2221181.283737,2194889.467402,101934.078001,2233148.613350,CPTY_A
67,2018-09-14,14,2138644.528570,2107312.189012,0.000000,2217521.416632,CPTY_A
68,2018-09-28,14,2124664.263951,2094994.109605,0.000000,2234182.025686,CPTY_A
69,2018-10-12,14,2153840.870488,2118178.413851,82646.595852,2251577.133456,CPTY_A
70,2018-10-26,14,2117389.268342,2074404.781915,0.000000,2165244.381886,CPTY_A
71,2018-11-09,14,2105979.336180,2060790.033556,0.000000,2214731.267337,CPTY_A
72,2018-11-23,14,2087509.291594,2049373.913757,5421.152646,2191727.342217,CPTY_A
73,2018-12-07,14,2123913.512654,2091932.629651,0.000000,2280170.364579,CPTY_A
74,2018-12-21,14,2096298.627185,2063688.207939,0.000000,2178407.607826,CPTY_A
75,2019-01-04,14,1916624.846727,1882266.458535,0.000000,2075112.394823,CPTY_A
76,2019-01-18,14,1944141.417610,1898194.279376,82240.173315,2137476.789927,CPTY_A
77,2019-02-01,14,2092580.608608,2052653.978604,0.000000,2205953.342544,CPTY_A
78,2019-02-15,14,2101682.749894,2062055.167077,0.000000,2208049.670806,CPTY_A
79,2019-03-01,14,2098694.626091,2051539.420761,-196832.027575,2154937.914370,CPTY_A
80,2019-03-15,14,1980670.894594,1947885.775009,0.000000,2083018.990813,CPTY_A
81,2019-03-29,14,2020793.354511,1975992.647960,0.000000,2155107.333801,CPTY_A
82,2019-04-12,14,1997028.656234,1949434.348037,64384.095644,2035155.549349,CPTY_A
83,2019-04-26,14,1988197.513687,1942556.621700,0.000000,2115185.768094,CPTY_A
84,2019-05-10,14,1966421.568785,1919480.658402,0.000000,1988585.912944,CPTY_A
85,2019-05-24,14,1963307.032704,1929112.333414,-10376.895168,2025125.236930,CPTY_A
86,2019-06-07,14,1975276.835422,1927081.199705,0.000000,2025281.891444,CPTY_A
87,2019-06-21,14,1980536.551404,1927942.582110,0.000000,1943749.781010,CPTY_A
88,2019-07-05,14,1975754.238290,1928770.967732,0.000000,2074069.829867,CPTY_A
89,2019-07-19,14,1996060.409522,1935154.679007,57757.532838,2107194.815931,CPTY_A
90,2019-08-02,14,1954694.582872,1899752.258656,0.000000,2047831.850721,CPTY_A
91,2019-08-16,14,1958337.808465,1910553.640080,0.000000,2011535.032945,CPTY_A
92,2019-08-30,14,1941255.738287,1892153.569521,130293.468111,2006327.628208,CPTY_A
93,2019-09-13,14,1879578.499439,1835186.734658,0.000000,1915840.070244,CPTY_A
94,2019-09-27,14,1875326.680609,1818623.068453,0.000000,1993910.447398,CPTY_A
95,2019-10-11,14,1850420.355242,1795197.651646,56823.826654,1918253.095078,CPTY_A
96,2019-10-25,14,1831609.440633,1777757.580504,0.000000,1840238.232414,CPTY_A
97,2019-11-08,14,1829949.166759,1779166.910412,0.000000,1883649.287784,CPTY_A
98,2019-11-22,14,1845411.012171,1787084.449184,-10568.126914,1967612.345809,CPTY_A
99,2019-12-06,14,1833544.586695,1776562.038371,0.000000,1961841.150831,CPTY_A
100,2019-12-20,14,1843821.953918,1790991.207906,0.000000,1932720.400365,CPTY_A
101,2020-01-03,14,1854913.900237,1795810.150404,0.000000,1925906.108156,CPTY_A
102,2020-01-17,14,1815705.324873,1778437.356174,55470.669760,1886138.538088,CPTY_A
103,2020-01-31,14,1741116.195446,1691472.812522,0.000000,1790870.041779,CPTY_A
104,2020-02-14,14,1713824.099041,1679103.392655,0.000000,1797106.490003,CPTY_A
105,2020-02-28,14,1706501.337495,1667066.793893,-171177.736150,1768169.929581,CPTY_A
106,2020-03-13,14,1591633.146965,1562865.277058,0.000000,1664467.817455,CPTY_A
107,2020-03-27,18,1612062.297644,1572988.626425,0.000000,1647972.467667,CPTY_A
108,2020-04-14,10,1593973.021795,1562325.463968,37647.455043,1631153.771590,CPTY_A
109,2020-04-24,14,1569653.152015,1535466.096979,0.000000,1584521.722247,CPTY_A
110,2020-05-08,14,1603804.964212,1565856.257074,0.000000,1686393.346686,CPTY_A
111,2020-05-22,14,1601636.030714,1554996.887368,-28877.444231,1748592.282861,CPTY_A
112,2020-06-05,14,1599268.953136,1566475.625074,0.000000,1664134.970447,CPTY_A
113,2020-06-19,17,1594883.580517,1543041.701052,0.000000,1680559.641516,CPTY_A
114,2020-07-06,11,1580028.690810,1539863.615259,0.000000,1643058.838179,CPTY_A
115,2020-07-17,14,1594854.863578,1549141.531200,33311.181629,1651156.089368,CPTY_A
116,2020-07-31,14,1556669.886097,1519113.986094,0.000000,1643874.849280,CPTY_A
117,2020-08-14,14,1550385.351301,1506135.308746,0.000000,1576399.137825,CPTY_A
118,2020-08-28,14,1547281.018225,1503943.192869,151962.228718,1590068.609068,CPTY_A
119,2020-09-11,14,1478840.149684,1425285.372147,0.000000,1561483.919516,CPTY_A
120,2020-09-25,14,1481111.826554,1433312.759081,0.000000,1507841.912974,CPTY_A
121,2020-10-09,14,1478265.644183,1432841.911931,31489.849275,1506627.358227,CPTY_A
122,2020-10-23,14,1440921.222996,1410441.405591,0.000000,1434757.502621,CPTY_A
123,2020-11-06,14,1447595.694497,1389234.107204,0.000000,1522569.214329,CPTY_A
124,2020-11-20,14,1455057.966164,1405917.735736,0.000000,1543806.909257,CPTY_A
125,2020-12-04,14,1444013.830168,1405552.330902,-28453.614913,1484548.298688,CPTY_A
126,2020-12-18,17,1441948.062159,1399188.585070,0.000000,1537188.004204,CPTY_A
127,2021-01-04,11,1454173.480347,1402814.649470,0.000000,1673573.584930,CPTY_A
128,2021-01-15,14,1438745.090063,1394939.052101,30508.430903,1418044.457438,CPTY_A
129,2021-01-29,14,1412497.125624,1365199.510093,0.000000,1525124.264739,CPTY_A
130,2021-02-12,14,1385591.165994,1342092.142008,0.000000,1425892.570989,CPTY_A
131,2021-02-26,14,1380104.248443,1339241.931217,-145301.026456,1426395.064973,CPTY_A
132,2021-03-12,14,1320851.915638,1270464.288837,0.000000,1399065.079915,CPTY_A
133,2021-03-26,14,1316552.353975,1285866.419197,0.000000,1345860.315177,CPTY_A
134,2021-04-09,14,1283714.723124,1257131.374983,13661.394607,1331600.695499,CPTY_A
135,2021-04-23,14,1295126.751033,1254512.028504,0.000000,1340766.513790,CPTY_A
136,2021-05-07,14,1271337.784348,1234933.635708,0.000000,1342579.219565,CPTY_A
137,2021-05-21,14,1290968.114814,1246545.376937,0.000000,1353629.135028,CPTY_A
138,2021-06-04,14,1280685.426321,1231828.833256,-50400.619481,1300865.757893,CPTY_A
139,2021-06-18,14,1277035.791067,1228034.716204,0.000000,1343820.584689,CPTY_A
140,2021-07-02,14,1279926.824724,1228603.178904,0.000000,1372788.005176,CPTY_A
141,2021-07-16,14,1254548.458016,1209729.270140,9027.567249,1280059.874428,CPTY_A
142,2021-07-30,14,1258469.177972,1208851.399243,0.000000,1320212.610362,CPTY_A
143,2021-08-13,14,1243803.537935,1206452.132749,0.000000,1310305.040429,CPTY_A
144,2021-08-27,14,1244108.932112,1200285.893394,203977.243170,1303432.143234,CPTY_A
145,2021-09-10,14,1162981.272779,1122968.499684,0.000000,1178384.729276,CPTY_A
146,2021-09-24,14,1156938.735883,1122780.459996,0.000000,1256950.601899,CPTY_A
147,2021-10-08,14,1157155.517621,1109686.928575,6652.360829,1158366.188989,CPTY_A
148,2021-10-22,14,1187000.684862,1136025.497765,0.000000,1267304.675994,CPTY_A
149,2021-11-05,14,1150958.637181,1102390.904521,0.000000,1225682.663939,CPTY_A
150,2021-11-19,14,1143161.947424,1094953.474633,0.000000,1242107.687898,CPTY_A
151,2021-12-03,14,1137637.366976,1101565.326477,-48329.916377,1177935.368396,CPTY_A
152,2021-12-17,18,1134010.134749,1078350.717833,0.000000,1230214.360728,CPTY_A
153,2022-01-04,10,1127332.689938,1074436.153460,0.000000,1207154.833335,CPTY_A
154,2022-01-14,14,1124819.254496,1089435.774035,7144.768671,1178608.823887,CPTY_A
155,2022-01-28,14,1128770.578013,1075942.618619,0.000000,1160703.406844,CPTY_A
156,2022-02-11,14,1112274.341708,1062475.023203,0.000000,1209753.373390,CPTY_A
157,2022-02-25,14,1103853.484217,1063384.263670,-100134.289089,1183513.883986,CPTY_A
158,2022-03-11,14,1030580.406008,985714.936567,0.000000,1121658.452959,CPTY_A
159,2022-03-25,14,1028741.661170,994759.721371,0.000000,1035967.615603,CPTY_A
160,2022-04-08,14,1014559.610418,979139.577289,5964.917877,1062451.595914,CPTY_A
161,2022-04-22,14,1016412.825500,989209.671175,0.000000,1063539.259917,CPTY_A
162,2022-05-06,14,1014294.435775,972379.391206,0.000000,1062401.001742,CPTY_A
163,2022-05-20,14,1001708.837298,960031.625650,0.000000,1049382.222920,CPTY_A
164,2022-06-03,14,1007431.406848,964022.983456,-68420.412369,1016175.536853,CPTY_A
165,2022-06-17,14,1001160.185783,941788.575632,0.000000,1111623.742054,CPTY_A
166,2022-07-01,14,1005888.582961,966009.232945,0.000000,1057180.416312,CPTY_A
167,2022-07-15,14,982228.382987,937775.560071,1614.563231,1034303.052776,CPTY_A
168,2022-07-29,14,982737.693880,940053.185369,0.000000,1070694.621004,CPTY_A
169,2022-08-12,14,970458.655629,928267.655045,0.000000,1014152.885998,CPTY_A
170,2022-08-26,14,978512.038429,927128.169002,241886.624202,1025038.901917,CPTY_A
171,2022-09-09,14,905765.681058,859833.758569,0.000000,933792.958179,CPTY_A
172,2022-09-23,14,917521.071256,855351.116092,0.000000,997744.727226,CPTY_A
173,2022-10-07,14,903562.412830,865040.066617,0.000000,924934.104123,CPTY_A
174,2022-10-21,14,879056.705456,845346.042192,2232.949024,958893.679489,CPTY_A
175,2022-11-04,14,846003.148491,817998.202699,0.000000,897938.947235,CPTY_A
176,2022-11-18,14,902251.920418,843023.820198,0.000000,974233.136422,CPTY_A
177,2022-12-02,14,879233.643862,817284.436560,-67936.314855,876023.730782,CPTY_A
178,2022-12-16,14,865743.308082,825134.993109,0.000000,948056.760517,CPTY_A
179,2022-12-30,14,865045.688751,797150.848865,0.000000,917260.723323,CPTY_A
180,2023-01-13,14,858564.468195,817547.651770,1202.103821,902452.103975,CPTY_A
181,2023-01-27,14,862694.125804,810763.162249,0.000000,913231.139813,CPTY_A
182,2023-02-10,14,968160.577509,905821.012715,0.000000,1122540.583642,CPTY_A
183,2023-02-24,14,903263.270133,856740.880411,-69697.295395,955101.213069,CPTY_A
184,2023-03-10,14,824891.716153,778653.234676,0.000000,884082.306617,CPTY_A
185,2023-03-24,18,818687.748718,780375.941567,0.000000,853681.747425,CPTY_A
186,2023-04-11,10,820262.711153,761762.081565,0.000000,854383.302900,CPTY_A
187,2023-04-21,14,826515.162487,768769.570037,-6558.515047,899465.894188,CPTY_A
188,2023-05-05,14,818844.363140,763218.832114,0.000000,885962.884393,CPTY_A
189,2023-05-19,14,811975.045930,754353.245313,0.000000,907799.980556,CPTY_A
190,2023-06-02,14,812075.970180,754288.341454,-101313.603488,866593.637107,CPTY_A
191,2023-06-16,14,811311.469726,735703.073979,0.000000,861532.428537,CPTY_A
192,2023-06-30,14,810399.606340,750325.357717,0.000000,872552.538719,CPTY_A
193,2023-07-14,14,814639.249240,754468.443130,-13653.415748,878661.993143,CPTY_A
194,2023-07-28,14,792722.743985,735497.984497,0.000000,911206.334701,CPTY_A
195,2023-08-11,14,811090.725028,738521.878989,0.000000,898174.547157,CPTY_A
196,2023-08-25,14,796891.442812,741667.195310,248285.715234,864597.727989,CPTY_A
197,2023-09-08,14,705274.975252,647643.721038,0.000000,747972.976114,CPTY_A
198,2023-09-22,14,701922.949707,647193.451156,0.000000,722836.036441,CPTY_A
199,2023-10-06,14,697942.735434,642702.108110,0.000000,819804.196286,CPTY_A
200,2023-10-20,14,706074.451208,641802.541568,-13422.954066,782658.534133,CPTY_A
201,2023-11-03,14,689107.003083,624837.212129,0.000000,768221.151384,CPTY_A
202,2023-11-17,14,700200.690704,640576.656045,0.000000,741155.186192,CPTY_A
203,2023-12-01,14,701674.081007,627248.301872,-99723.625661,789308.568238,CPTY_A
204,2023-12-15,14,683465.993689,626300.029251,0.000000,776911.057333,CPTY_A
205,2023-12-29,14,688666.848922,618384.610462,0.000000,756653.999354,CPTY_A
206,2024-01-12,14,678540.660278,617130.040800,-14534.632768,754663.324349,CPTY_A
207,2024-01-26,14,678922.342907,607422.365333,0.000000,759386.342596,CPTY_A
208,2024-02-09,14,681698.978763,612887.190423,0.000000,719479.843697,CPTY_A
209,2024-02-23,14,670990.221549,612462.578447,-45964.332200,723244.211860,CPTY_A
210,2024-03-08,14,570015.503163,519612.950441,0.000000,631698.976397,CPTY_A
211,2024-03-22,14,579596.181487,525508.086921,0.000000,672278.020168,CPTY_A
212,2024-04-05,14,561516.977123,514399.602091,0.000000,586272.908944,CPTY_A
213,2024-04-19,14,576845.377822,521689.553613,-29358.493646,662315.014707,CPTY_A
214,2024-05-03,14,565090.271169,506662.441262,0.000000,629778.566665,CPTY_A
215,2024-05-17,14,574828.295563,512112.718013,0.000000,634242.398299,CPTY_A
216,2024-05-31,14,572310.850918,501447.771622,-94577.769654,618957.103338,CPTY_A
217,2024-06-14,14,568774.468563,508379.889458,0.000000,633430.578337,CPTY_A
218,2024-06-28,14,557753.676196,508448.514497,0.000000,623034.964295,CPTY_A
219,2024-07-12,14,569529.271931,499651.611462,-35082.285440,642674.223724,CPTY_A
220,2024-07-26,14,578894.619396,498314.548228,0.000000,622439.619732,CPTY_A
221,2024-08-09,14,567623.235985,515899.431694,0.000000,647919.408019,CPTY_A
222,2024-08-23,14,562986.613811,481470.854913,277744.054263,610608.390642,CPTY_A
223,2024-09-06,14,451094.652596,408215.880176,0.000000,509049.751743,CPTY_A
224,2024-09-20,14,468504.711828,404190.597023,0.000000,519722.856777,CPTY_A
225,2024-10-04,14,446839.265846,411733.560553,0.000000,496672.585328,CPTY_A
226,2024-10-18,14,459678.429424,407348.825638,-38987.078501,503625.426040,CPTY_A
227,2024-11-01,14,462906.112499,401574.657282,0.000000,516165.484360,CPTY_A
228,2024-11-15,14,454267.723455,404754.494561,0.000000,508831.889261,CPTY_A
229,2024-11-29,14,459535.057417,409440.088766,-92270.109240,494883.478769,CPTY_A
230,2024-12-13,14,454855.185221,397709.749425,0.000000,520008.319163,CPTY_A
231,2024-12-27,14,460880.825657,395499.823337,0.000000,509966.460769,CPTY_A
232,2025-01-10,14,470792.989003,399853.973948,0.000000,534300.432574,CPTY_A
233,2025-01-24,14,451839.705192,398497.291191,0.000000,517176.443286,CPTY_A
234,2025-02-07,14,453230.519015,395961.270080,0.000000,512665.887909,CPTY_A
235,2025-02-21,14,452523.778309,394248.230265,-31109.156485,521142.767717,CPTY_A
236,2025-03-07,14,342326.553071,291806.300817,0.000000,394518.989475,CPTY_A
237,2025-03-21,14,341816.085149,301635.473286,0.000000,412165.357060,CPTY_A
238,2025-04-04,18,344512.992421,301761.317171,0.000000,379624.406644,CPTY_A
239,2025-04-22,10,347541.601324,303336.287279,0.000000,395871.556410,CPTY_A
240,2025-05-02,14,339592.722874,297643.024344,0.000000,394809.424631,CPTY_A
241,2025-05-16,14,342241.279163,305637.126215,0.000000,385433.946097,CPTY_A
242,2025-05-30,14,346065.107026,304240.689765,-123064.731391,380431.214551,CPTY_A
243,2025-06-13,14,338147.735382,288753.618815,0.000000,378601.827583,CPTY_A
244,2025-06-27,14,344791.462471,293445.928741,0.000000,400887.145628,CPTY_A
245,2025-07-11,14,346077.535640,291917.528180,0.000000,388903.430758,CPTY_A
246,2025-07-25,14,342774.373296,291160.937843,0.000000,373467.815582,CPTY_A
247,2025-08-08,14,342760.872835,293830.500586,0.000000,372718.547459,CPTY_A
248,2025-08-22,14,333295.398634,287124.540243,250450.178345,386058.686160,CPTY_A
249,2025-09-05,14,332000.122642,287504.241102,0.000000,372306.212142,CPTY_A
250,2025-09-19,14,231656.222490,196904.752472,0.000000,256012.282890,CPTY_A
251,2025-10-03,14,228999.264838,199826.068477,0.000000,250989.973902,CPTY_A
252,2025-10-17,14,227457.263843,199631.503457,0.000000,263337.387258,CPTY_A
253,2025-10-31,14,233649.745347,193505.749791,0.000000,266627.311843,CPTY_A
254,2025-11-14,14,232040.620385,192971.913004,0.000000,255354.532566,CPTY_A
255,2025-11-28,14,230367.264871,209623.002734,-119481.351443,262862.118594,CPTY_A
256,2025-12-12,17,230111.220352,194506.461945,0.000000,262320.484965,CPTY_A
257,2025-12-29,11,229301.506420,195307.950995,0.000000,277982.270276,CPTY_A
258,2026-01-09,14,229712.636914,191867.122867,0.000000,266905.254741,CPTY_A
259,2026-01-23,14,233265.192760,194313.343057,0.000000,261903.976312,CPTY_A
260,2026-02-06,14,228492.454535,196531.929480,0.000000,257344.021853,CPTY_A
261,2026-02-20,14,218494.242517,182485.002690,-44148.884490,242412.319870,CPTY_A
262,2026-03-06,14,120074.770567,98620.571494,0.000000,135614.397946,CPTY_A
263,2026-03-20,18,116219.721209,102566.507263,0.000000,131214.139918,CPTY_A
264,2026-04-07,10,114383.945366,95571.907333,0.000000,133174.662944,CPTY_A
265,2026-04-17,18,119008.773321,99820.879972,0.000000,132864.840834,CPTY_A
266,2026-05-05,10,117839.633971,98750.383340,0.000000,136610.758944,CPTY_A
267,2026-05-15,14,117006.049731,100386.635911,0.000000,137215.521205,CPTY_A
268,2026-05-29,14,120757.988233,98390.392283,-121227.842261,147332.387256,CPTY_A
269,2026-06-12,14,122656.246205,101316.680649,0.000000,143874.796190,CPTY_A
270,2026-06-26,14,123362.670138,103450.556595,0.000000,155155.016503,CPTY_A
271,2026-07-10,14,123022.381136,103798.749494,0.000000,144332.073568,CPTY_A
272,2026-07-24,14,125239.767588,105779.980368,0.000000,143845.096608,CPTY_A
273,2026-08-07,14,123917.324073,100693.374146,0.000000,148497.351471,CPTY_A
274,2026-08-21,14,123521.748017,106063.315258,0.000000,135523.223437,CPTY_A
275,2026-09-04,14,111755.681823,91085.489127,235778.848828,125161.746418,CPTY_A
276,2026-09-18,14,31624.283224,26477.345764,0.000000,41773.745790,CPTY_A
277,2026-10-02,14,31950.840984,26163.963292,0.000000,43001.646441,CPTY_A
278,2026-10-16,14,32275.490144,26497.933889,0.000000,42276.428103,CPTY_A
279,2026-10-30,14,32397.755401,26196.171032,0.000000,42759.764451,CPTY_A
280,2026-11-13,14,32601.578006,28386.183109,0.000000,44095.275294,CPTY_A
281,2026-11-27,14,32456.058046,26818.477925,0.000000,43585.315937,CPTY_A
282,2026-12-11,18,31920.132985,26197.206112,0.000000,40598.623146,CPTY_A
283,2026-12-29,10,32925.648419,26170.708816,0.000000,42965.650205,CPTY_A
284,2027-01-08,14,32702.116379,26528.766713,0.000000,41340.766417,CPTY_A
285,2027-01-22,14,33791.890009,25629.621236,0.000000,44516.813383,CPTY_A
286,2027-02-05,14,32043.896823,25793.356681,0.000000,44012.201757,CPTY_A
287,2027-02-19,14,2689.087302,2515.797088,61619.813847,5110.554781,CPTY_A
288,2027-03-05,14,0.000000,0.000000,0.000000,0.000000,CPTY_A
