#Sample,Regressor_0_EUR-EURIBOR-3M,RegressionDIM,LocalDIM,ExpectedDIM,ZeroOrderDIM,DeltaNPV,SimpleDIM
0,-0.025335,375906.407684,0.000000,303251.128623,303156.862540,-29568.452201,306203.800780
1,-0.023679,373727.089571,0.000000,303251.128623,303156.862540,155230.683119,306203.800780
2,-0.022724,372438.801000,327393.429096,303251.128623,303156.862540,-204365.251583,306203.800780
3,-0.021765,371122.585199,0.000000,303251.128623,303156.862540,131959.758260,306203.800780
4,-0.021399,370613.418751,0.000000,303251.128623,303156.862540,64.832530,306203.800780
5,-0.020909,369927.765053,0.000000,303251.128623,303156.862540,-12949.096781,306203.800780
6,-0.019813,368369.755393,0.000000,303251.128623,303156.862540,126708.728872,306203.800780
7,-0.019587,368045.220425,0.000000,303251.128623,303156.862540,170323.093518,306203.800780
8,-0.019515,367941.268942,0.000000,303251.128623,303156.862540,127626.980086,306203.800780
9,-0.018972,367154.161167,327381.611435,303251.128623,303156.862540,-14978.748540,306203.800780
10,-0.018747,366825.446570,0.000000,303251.128623,303156.862540,-42398.742664,306203.800780
11,-0.018741,366815.744248,0.000000,303251.128623,303156.862540,-12475.715307,306203.800780
12,-0.018543,366525.776527,0.000000,303251.128623,303156.862540,403586.309597,306203.800780
13,-0.018298,366165.417181,0.000000,303251.128623,303156.862540,-75022.732565,306203.800780
14,-0.018066,365821.854191,0.000000,303251.128623,303156.862540,-108965.606545,306203.800780
15,-0.017980,365694.596216,327378.484178,303251.128623,303156.862540,-64312.361858,306203.800780
16,-0.017890,365561.559713,0.000000,303251.128623,303156.862540,330768.970552,306203.800780
17,-0.017600,365129.534804,0.000000,303251.128623,303156.862540,100485.855542,306203.800780
18,-0.017506,364989.468937,0.000000,303251.128623,303156.862540,-35546.828008,306203.800780
19,-0.017314,364700.995662,0.000000,303251.128623,303156.862540,99236.063178,306203.800780
20,-0.017240,364589.806660,0.000000,303251.128623,303156.862540,-70104.181104,306203.800780
21,-0.016844,363991.799932,327374.904593,303251.128623,303156.862540,-124434.101656,306203.800780
22,-0.016755,363856.718500,0.000000,303251.128623,303156.862540,-15317.456884,306203.800780
23,-0.016351,363243.107184,0.000000,303251.128623,303156.862540,155607.089536,306203.800780
24,-0.016060,362796.152493,0.000000,303251.128623,303156.862540,-69082.633974,306203.800780
25,-0.015889,362534.297479,0.000000,303251.128623,303156.862540,262514.833317,306203.800780
26,-0.015831,362444.133651,0.000000,303251.128623,303156.862540,113034.719249,306203.800780
27,-0.015557,362021.482666,327370.850871,303251.128623,303156.862540,141460.330102,306203.800780
28,-0.015436,361833.748501,0.000000,303251.128623,303156.862540,-76218.234440,306203.800780
29,-0.015090,361294.357375,0.000000,303251.128623,303156.862540,-276115.170952,306203.800780
30,-0.015045,361223.408890,0.000000,303251.128623,303156.862540,306926.919930,306203.800780
31,-0.014905,361005.434961,0.000000,303251.128623,303156.862540,169339.841079,306203.800780
32,-0.014902,360999.591068,0.000000,303251.128623,303156.862540,-51910.266251,306203.800780
33,-0.014859,360933.032589,0.000000,303251.128623,303156.862540,34696.573121,306203.800780
34,-0.014648,360601.854243,0.000000,303251.128623,303156.862540,-234760.241446,306203.800780
35,-0.014540,360431.116853,0.000000,303251.128623,303156.862540,158648.450162,306203.800780
36,-0.014488,360349.263714,0.000000,303251.128623,303156.862540,162875.541195,306203.800780
37,-0.014421,360244.002757,0.000000,303251.128623,303156.862540,110767.484368,306203.800780
38,-0.014339,360113.327912,0.000000,303251.128623,303156.862540,-153136.015119,306203.800780
39,-0.014130,359781.552001,0.000000,303251.128623,303156.862540,129250.279316,306203.800780
40,-0.013998,359572.728047,0.000000,303251.128623,303156.862540,163989.814386,306203.800780
41,-0.013964,359517.689550,0.000000,303251.128623,303156.862540,60069.589666,306203.800780
42,-0.013724,359134.442570,0.000000,303251.128623,303156.862540,313695.213773,306203.800780
43,-0.013710,359111.543597,0.000000,303251.128623,303156.862540,-58242.396068,306203.800780
44,-0.013565,358879.835482,0.000000,303251.128623,303156.862540,-31164.314970,306203.800780
45,-0.013227,358335.070032,0.000000,303251.128623,303156.862540,-22716.783759,306203.800780
46,-0.013183,358265.106456,0.000000,303251.128623,303156.862540,84459.634105,306203.800780
47,-0.013138,358191.385849,0.000000,303251.128623,303156.862540,137455.458245,306203.800780
48,-0.012799,357641.734713,0.000000,303251.128623,303156.862540,-183103.356554,306203.800780
49,-0.012779,357610.409892,0.000000,303251.128623,303156.862540,240393.707130,306203.800780
50,-0.012625,357359.139124,0.000000,303251.128623,303156.862540,225556.808477,306203.800780
51,-0.012421,357025.409992,0.000000,303251.128623,303156.862540,-70911.288634,306203.800780
52,-0.012277,356789.177998,0.000000,303251.128623,303156.862540,67305.909317,306203.800780
53,-0.012048,356412.101592,0.000000,303251.128623,303156.862540,174498.133187,306203.800780
54,-0.011994,356323.356169,327359.619028,303251.128623,303156.862540,-37291.096356,306203.800780
55,-0.011719,355869.818899,0.000000,303251.128623,303156.862540,-243847.039050,306203.800780
56,-0.011660,355770.813823,0.000000,303251.128623,303156.862540,-144863.711239,306203.800780
57,-0.011547,355583.945742,0.000000,303251.128623,303156.862540,44015.966550,306203.800780
58,-0.011365,355281.110657,0.000000,303251.128623,303156.862540,-133300.055875,306203.800780
59,-0.011362,355275.888546,0.000000,303251.128623,303156.862540,-164191.263943,306203.800780
60,-0.011269,355120.918978,0.000000,303251.128623,303156.862540,206086.835384,306203.800780
61,-0.011203,355009.390491,0.000000,303251.128623,303156.862540,-298179.634021,306203.800780
62,-0.011202,355008.439704,0.000000,303251.128623,303156.862540,-50951.427933,306203.800780
63,-0.011125,354879.936655,0.000000,303251.128623,303156.862540,50202.342450,306203.800780
64,-0.011125,354879.782878,0.000000,303251.128623,303156.862540,71212.918368,306203.800780
65,-0.011086,354813.445425,0.000000,303251.128623,303156.862540,10409.737112,306203.800780
66,-0.011065,354778.450606,0.000000,303251.128623,303156.862540,35225.178525,306203.800780
67,-0.011010,354686.036079,0.000000,303251.128623,303156.862540,44188.075238,306203.800780
68,-0.010868,354447.460389,327356.069104,303251.128623,303156.862540,50994.428215,306203.800780
69,-0.010820,354367.661829,327355.919621,303251.128623,303156.862540,-37727.023328,306203.800780
70,-0.010784,354307.326437,0.000000,303251.128623,303156.862540,-43944.291444,306203.800780
71,-0.010766,354276.364206,0.000000,303251.128623,303156.862540,9019.781582,306203.800780
72,-0.010731,354217.128541,0.000000,303251.128623,303156.862540,82855.301436,306203.800780
73,-0.010667,354109.856802,0.000000,303251.128623,303156.862540,-85527.126970,306203.800780
74,-0.010633,354052.737479,0.000000,303251.128623,303156.862540,62194.119419,306203.800780
75,-0.010563,353934.372597,327355.110098,303251.128623,303156.862540,7674.239042,306203.800780
76,-0.010407,353670.264522,327354.618419,303251.128623,303156.862540,17866.989049,306203.800780
77,-0.010057,353074.266692,0.000000,303251.128623,303156.862540,-72955.145945,306203.800780
78,-0.010051,353064.058648,0.000000,303251.128623,303156.862540,-45165.122365,306203.800780
79,-0.010042,353048.229307,327353.465618,303251.128623,303156.862540,-28170.064096,306203.800780
80,-0.009994,352965.971625,0.000000,303251.128623,303156.862540,229798.463112,306203.800780
81,-0.009933,352862.411103,0.000000,303251.128623,303156.862540,-47032.283484,306203.800780
82,-0.009921,352841.273816,0.000000,303251.128623,303156.862540,-93500.243792,306203.800780
83,-0.009883,352777.582226,0.000000,303251.128623,303156.862540,-24337.606404,306203.800780
84,-0.009659,352392.004568,0.000000,303251.128623,303156.862540,43786.654881,306203.800780
85,-0.009578,352252.766456,0.000000,303251.128623,303156.862540,-22375.282623,306203.800780
86,-0.009557,352217.426432,0.000000,303251.128623,303156.862540,-22427.873594,306203.800780
87,-0.009528,352167.613244,0.000000,303251.128623,303156.862540,147634.493147,306203.800780
88,-0.009508,352132.199099,0.000000,303251.128623,303156.862540,72670.739648,306203.800780
89,-0.009401,351947.814614,0.000000,303251.128623,303156.862540,-59263.556879,306203.800780
90,-0.009083,351397.507652,0.000000,303251.128623,303156.862540,66232.585679,306203.800780
91,-0.009082,351396.757064,0.000000,303251.128623,303156.862540,-493490.400322,306203.800780
92,-0.009070,351374.954782,0.000000,303251.128623,303156.862540,-1362.333308,306203.800780
93,-0.009026,351298.422686,0.000000,303251.128623,303156.862540,-7544.763080,306203.800780
94,-0.008879,351043.457462,0.000000,303251.128623,303156.862540,-144075.086031,306203.800780
95,-0.008836,350969.545930,0.000000,303251.128623,303156.862540,176162.585494,306203.800780
96,-0.008818,350938.123382,0.000000,303251.128623,303156.862540,99867.868476,306203.800780
97,-0.008790,350888.502627,327349.518651,303251.128623,303156.862540,128403.066158,306203.800780
98,-0.008779,350869.600487,0.000000,303251.128623,303156.862540,-243709.806037,306203.800780
99,-0.008658,350657.224719,0.000000,303251.128623,303156.862540,120619.382437,306203.800780
100,-0.008657,350656.840083,327349.100297,303251.128623,303156.862540,-5978.470414,306203.800780
101,-0.008642,350629.629855,0.000000,303251.128623,303156.862540,-15526.842709,306203.800780
102,-0.008530,350434.432156,0.000000,303251.128623,303156.862540,-3135.643482,306203.800780
103,-0.008436,350269.916490,0.000000,303251.128623,303156.862540,190311.210056,306203.800780
104,-0.008361,350137.709451,0.000000,303251.128623,303156.862540,-2743.719271,306203.800780
105,-0.008329,350081.388808,0.000000,303251.128623,303156.862540,193505.350075,306203.800780
106,-0.008300,350030.771762,0.000000,303251.128623,303156.862540,34169.413365,306203.800780
107,-0.008273,349983.520837,0.000000,303251.128623,303156.862540,164740.015729,306203.800780
108,-0.008265,349968.131605,0.000000,303251.128623,303156.862540,-211851.703582,306203.800780
109,-0.008254,349949.367488,327347.828573,303251.128623,303156.862540,-65618.309539,306203.800780
110,-0.008211,349873.718370,0.000000,303251.128623,303156.862540,23614.218416,306203.800780
111,-0.008090,349659.977207,0.000000,303251.128623,303156.862540,277723.490265,306203.800780
112,-0.008054,349597.537498,0.000000,303251.128623,303156.862540,159305.399398,306203.800780
113,-0.008042,349575.741790,0.000000,303251.128623,303156.862540,244358.499080,306203.800780
114,-0.008019,349534.332081,0.000000,303251.128623,303156.862540,95187.054854,306203.800780
115,-0.007965,349439.097582,0.000000,303251.128623,303156.862540,180431.594228,306203.800780
116,-0.007913,349346.690939,0.000000,303251.128623,303156.862540,-116273.908755,306203.800780
117,-0.007896,349317.500659,0.000000,303251.128623,303156.862540,-93886.492932,306203.800780
118,-0.007884,349295.721028,0.000000,303251.128623,303156.862540,-20563.976247,306203.800780
119,-0.007867,349266.701677,0.000000,303251.128623,303156.862540,-150786.952456,306203.800780
120,-0.007831,349202.441201,0.000000,303251.128623,303156.862540,166380.688044,306203.800780
121,-0.007778,349108.066357,0.000000,303251.128623,303156.862540,245046.153662,306203.800780
122,-0.007758,349072.742358,0.000000,303251.128623,303156.862540,838.611914,306203.800780
123,-0.007725,349013.496469,0.000000,303251.128623,303156.862540,52446.445669,306203.800780
124,-0.007714,348995.186609,0.000000,303251.128623,303156.862540,56586.336106,306203.800780
125,-0.007678,348929.662959,0.000000,303251.128623,303156.862540,182873.819107,306203.800780
126,-0.007654,348887.829992,0.000000,303251.128623,303156.862540,67857.292369,306203.800780
127,-0.007636,348855.899019,0.000000,303251.128623,303156.862540,88492.538184,306203.800780
128,-0.007631,348846.996854,0.000000,303251.128623,303156.862540,-210296.340270,306203.800780
129,-0.007592,348778.189894,0.000000,303251.128623,303156.862540,253140.317928,306203.800780
130,-0.007528,348663.665743,0.000000,303251.128623,303156.862540,14236.275794,306203.800780
131,-0.007458,348538.910412,0.000000,303251.128623,303156.862540,-18445.623888,306203.800780
132,-0.007424,348477.988795,327345.211609,303251.128623,303156.862540,243978.442403,306203.800780
133,-0.007368,348377.394073,0.000000,303251.128623,303156.862540,271170.141801,306203.800780
134,-0.007350,348345.047733,327344.976991,303251.128623,303156.862540,58040.285221,306203.800780
135,-0.007234,348138.697669,0.000000,303251.128623,303156.862540,61663.071080,306203.800780
136,-0.007209,348093.606986,0.000000,303251.128623,303156.862540,231028.180240,306203.800780
137,-0.007201,348079.656399,0.000000,303251.128623,303156.862540,298434.222988,306203.800780
138,-0.007199,348075.866564,0.000000,303251.128623,303156.862540,-323968.905919,306203.800780
139,-0.007166,348016.971924,0.000000,303251.128623,303156.862540,-425738.967660,306203.800780
140,-0.007141,347970.568813,0.000000,303251.128623,303156.862540,-153575.236685,306203.800780
141,-0.007114,347922.659654,0.000000,303251.128623,303156.862540,-9050.531368,306203.800780
142,-0.007083,347866.803683,0.000000,303251.128623,303156.862540,-15835.446710,306203.800780
143,-0.006967,347659.449233,0.000000,303251.128623,303156.862540,20020.249651,306203.800780
144,-0.006821,347395.845741,0.000000,303251.128623,303156.862540,149119.926144,306203.800780
145,-0.006791,347341.278039,327343.215123,303251.128623,303156.862540,-71782.914215,306203.800780
146,-0.006742,347252.099014,0.000000,303251.128623,303156.862540,-161907.444246,306203.800780
147,-0.006673,347127.272770,0.000000,303251.128623,303156.862540,308061.618706,306203.800780
148,-0.006620,347032.499393,0.000000,303251.128623,303156.862540,-92768.391033,306203.800780
149,-0.006611,347016.504152,0.000000,303251.128623,303156.862540,-11924.743328,306203.800780
150,-0.006583,346964.947837,0.000000,303251.128623,303156.862540,200627.121376,306203.800780
151,-0.006534,346876.368747,327342.404780,303251.128623,303156.862540,122583.431338,306203.800780
152,-0.006530,346868.496677,0.000000,303251.128623,303156.862540,-215102.757606,306203.800780
153,-0.006493,346802.661627,327342.276635,303251.128623,303156.862540,-2546.221151,306203.800780
154,-0.006474,346766.982300,0.000000,303251.128623,303156.862540,99778.895767,306203.800780
155,-0.006402,346637.034272,0.000000,303251.128623,303156.862540,-51222.460058,306203.800780
156,-0.006401,346634.462353,0.000000,303251.128623,303156.862540,266629.754417,306203.800780
157,-0.006387,346610.297853,0.000000,303251.128623,303156.862540,78663.208103,306203.800780
158,-0.006302,346455.306048,0.000000,303251.128623,303156.862540,188185.312252,306203.800780
159,-0.006256,346371.584601,0.000000,303251.128623,303156.862540,-127285.545587,306203.800780
160,-0.006235,346333.145954,0.000000,303251.128623,303156.862540,-243591.526415,306203.800780
161,-0.006224,346313.251308,0.000000,303251.128623,303156.862540,-235151.260529,306203.800780
162,-0.006177,346226.472152,0.000000,303251.128623,303156.862540,-35032.125063,306203.800780
163,-0.006077,346044.803598,0.000000,303251.128623,303156.862540,101704.796891,306203.800780
164,-0.006018,345937.479799,0.000000,303251.128623,303156.862540,107050.746057,306203.800780
165,-0.005975,345858.634885,0.000000,303251.128623,303156.862540,218759.684370,306203.800780
166,-0.005974,345856.936280,0.000000,303251.128623,303156.862540,-60972.828468,306203.800780
167,-0.005871,345666.967359,0.000000,303251.128623,303156.862540,45086.089278,306203.800780
168,-0.005870,345665.267927,0.000000,303251.128623,303156.862540,-236201.074242,306203.800780
169,-0.005795,345528.548480,0.000000,303251.128623,303156.862540,-9557.078890,306203.800780
170,-0.005743,345432.801700,0.000000,303251.128623,303156.862540,-143987.361669,306203.800780
171,-0.005682,345320.408128,0.000000,303251.128623,303156.862540,96759.409791,306203.800780
172,-0.005598,345165.704177,0.000000,303251.128623,303156.862540,-76947.510327,306203.800780
173,-0.005573,345120.253297,0.000000,303251.128623,303156.862540,125848.740016,306203.800780
174,-0.005431,344858.151127,0.000000,303251.128623,303156.862540,12238.500687,306203.800780
175,-0.005420,344837.238854,0.000000,303251.128623,303156.862540,254820.268777,306203.800780
176,-0.005415,344827.165885,0.000000,303251.128623,303156.862540,-25484.841680,306203.800780
177,-0.005405,344809.074652,327338.844074,303251.128623,303156.862540,-175406.750401,306203.800780
178,-0.005395,344791.042630,0.000000,303251.128623,303156.862540,-198471.710108,306203.800780
179,-0.005388,344776.942064,0.000000,303251.128623,303156.862540,22491.281352,306203.800780
180,-0.005387,344775.814713,0.000000,303251.128623,303156.862540,-2729.968822,306203.800780
181,-0.005380,344762.816520,327338.765182,303251.128623,303156.862540,111712.944770,306203.800780
182,-0.005337,344682.582276,0.000000,303251.128623,303156.862540,219663.424698,306203.800780
183,-0.005323,344658.398020,0.000000,303251.128623,303156.862540,-11.047118,306203.800780
184,-0.005307,344628.827025,0.000000,303251.128623,303156.862540,130375.764257,306203.800780
185,-0.005273,344564.158886,0.000000,303251.128623,303156.862540,103440.987830,306203.800780
186,-0.005264,344548.627342,0.000000,303251.128623,303156.862540,-90796.342810,306203.800780
187,-0.005259,344539.608525,0.000000,303251.128623,303156.862540,-20202.028059,306203.800780
188,-0.005254,344530.492358,0.000000,303251.128623,303156.862540,-17056.827540,306203.800780
189,-0.005233,344489.958955,0.000000,303251.128623,303156.862540,68890.273623,306203.800780
190,-0.005217,344461.402922,0.000000,303251.128623,303156.862540,-136872.791252,306203.800780
191,-0.005211,344450.684142,0.000000,303251.128623,303156.862540,330600.177215,306203.800780
192,-0.005208,344444.975100,0.000000,303251.128623,303156.862540,-157940.357497,306203.800780
193,-0.005173,344378.735171,0.000000,303251.128623,303156.862540,-36910.466812,306203.800780
194,-0.005170,344373.429618,0.000000,303251.128623,303156.862540,141661.264553,306203.800780
195,-0.005139,344316.743829,0.000000,303251.128623,303156.862540,220146.893605,306203.800780
196,-0.005127,344294.527500,0.000000,303251.128623,303156.862540,-187604.621145,306203.800780
197,-0.005127,344293.309774,0.000000,303251.128623,303156.862540,505356.786384,306203.800780
198,-0.005105,344252.431148,0.000000,303251.128623,303156.862540,-36132.217774,306203.800780
199,-0.005102,344247.713332,0.000000,303251.128623,303156.862540,94444.815452,306203.800780
200,-0.005094,344232.681548,0.000000,303251.128623,303156.862540,174647.498077,306203.800780
201,-0.005090,344225.173789,0.000000,303251.128623,303156.862540,155395.495691,306203.800780
202,-0.005007,344071.729820,0.000000,303251.128623,303156.862540,45631.348300,306203.800780
203,-0.004979,344019.050850,0.000000,303251.128623,303156.862540,59825.368864,306203.800780
204,-0.004969,343999.638907,0.000000,303251.128623,303156.862540,-79649.408633,306203.800780
205,-0.004930,343927.435124,0.000000,303251.128623,303156.862540,94229.072066,306203.800780
206,-0.004883,343840.502752,0.000000,303251.128623,303156.862540,-266181.558445,306203.800780
207,-0.004880,343834.333533,0.000000,303251.128623,303156.862540,-102606.703487,306203.800780
208,-0.004875,343824.830229,0.000000,303251.128623,303156.862540,-131146.975468,306203.800780
209,-0.004814,343711.066023,0.000000,303251.128623,303156.862540,69005.986461,306203.800780
210,-0.004767,343623.766671,327336.833140,303251.128623,303156.862540,-54950.907123,306203.800780
211,-0.004762,343614.216022,0.000000,303251.128623,303156.862540,38744.660671,306203.800780
212,-0.004688,343476.154901,0.000000,303251.128623,303156.862540,-152855.936347,306203.800780
213,-0.004683,343466.833027,0.000000,303251.128623,303156.862540,36012.613803,306203.800780
214,-0.004667,343435.273211,0.000000,303251.128623,303156.862540,-49127.398543,306203.800780
215,-0.004549,343215.646704,0.000000,303251.128623,303156.862540,-221782.599312,306203.800780
216,-0.004487,343098.837396,0.000000,303251.128623,303156.862540,47777.379021,306203.800780
217,-0.004461,343050.059053,327335.867643,303251.128623,303156.862540,-73056.450620,306203.800780
218,-0.004398,342931.978421,0.000000,303251.128623,303156.862540,-20754.303847,306203.800780
219,-0.004301,342748.046064,0.000000,303251.128623,303156.862540,-278059.949237,306203.800780
220,-0.004287,342721.847772,0.000000,303251.128623,303156.862540,15823.092419,306203.800780
221,-0.004283,342714.748054,0.000000,303251.128623,303156.862540,90663.400882,306203.800780
222,-0.004275,342699.416581,0.000000,303251.128623,303156.862540,363859.285495,306203.800780
223,-0.004272,342694.878277,0.000000,303251.128623,303156.862540,144880.803275,306203.800780
224,-0.004270,342689.794527,327335.263926,303251.128623,303156.862540,-33607.656530,306203.800780
225,-0.004238,342629.740150,0.000000,303251.128623,303156.862540,172809.958002,306203.800780
226,-0.004225,342605.795938,0.000000,303251.128623,303156.862540,220087.573119,306203.800780
227,-0.004224,342604.281505,0.000000,303251.128623,303156.862540,47055.426008,306203.800780
228,-0.004198,342555.000887,0.000000,303251.128623,303156.862540,-369394.454316,306203.800780
229,-0.004184,342527.942049,0.000000,303251.128623,303156.862540,-106608.502637,306203.800780
230,-0.004169,342499.371061,0.000000,303251.128623,303156.862540,190728.665289,306203.800780
231,-0.004106,342380.359808,0.000000,303251.128623,303156.862540,-104791.539272,306203.800780
232,-0.004101,342370.879979,0.000000,303251.128623,303156.862540,245654.718982,306203.800780
233,-0.004096,342361.515027,327334.715524,303251.128623,303156.862540,31421.815443,306203.800780
234,-0.004083,342337.937991,0.000000,303251.128623,303156.862540,-83229.971237,306203.800780
235,-0.004083,342337.235359,0.000000,303251.128623,303156.862540,230715.502513,306203.800780
236,-0.004045,342264.911536,0.000000,303251.128623,303156.862540,-144873.983774,306203.800780
237,-0.004001,342182.598336,0.000000,303251.128623,303156.862540,97451.998868,306203.800780
238,-0.003993,342166.850894,0.000000,303251.128623,303156.862540,-111697.012618,306203.800780
239,-0.003942,342070.000287,0.000000,303251.128623,303156.862540,230974.859868,306203.800780
240,-0.003882,341957.130030,0.000000,303251.128623,303156.862540,10811.141976,306203.800780
241,-0.003853,341900.878412,0.000000,303251.128623,303156.862540,124392.883656,306203.800780
242,-0.003803,341805.996750,0.000000,303251.128623,303156.862540,-476.390073,306203.800780
243,-0.003777,341756.597700,327333.709243,303251.128623,303156.862540,33550.303483,306203.800780
244,-0.003764,341732.848121,0.000000,303251.128623,303156.862540,-129636.375447,306203.800780
245,-0.003713,341636.022005,327333.509320,303251.128623,303156.862540,172481.131900,306203.800780
246,-0.003713,341635.077530,0.000000,303251.128623,303156.862540,190052.198840,306203.800780
247,-0.003694,341598.105259,0.000000,303251.128623,303156.862540,-124469.574817,306203.800780
248,-0.003663,341540.492164,0.000000,303251.128623,303156.862540,116020.737368,306203.800780
249,-0.003580,341382.509892,0.000000,303251.128623,303156.862540,-84924.908250,306203.800780
250,-0.003514,341256.189359,0.000000,303251.128623,303156.862540,5908.427278,306203.800780
251,-0.003488,341205.779447,0.000000,303251.128623,303156.862540,29068.047261,306203.800780
252,-0.003481,341191.757236,0.000000,303251.128623,303156.862540,-745.070802,306203.800780
253,-0.003472,341176.310177,327332.749067,303251.128623,303156.862540,37003.898218,306203.800780
254,-0.003452,341136.765975,0.000000,303251.128623,303156.862540,-35855.149278,306203.800780
255,-0.003395,341029.011852,0.000000,303251.128623,303156.862540,91195.400325,306203.800780
256,-0.003366,340971.773862,0.000000,303251.128623,303156.862540,41304.098695,306203.800780
257,-0.003356,340954.271287,0.000000,303251.128623,303156.862540,170106.457140,306203.800780
258,-0.003306,340858.436095,0.000000,303251.128623,303156.862540,-253433.114440,306203.800780
259,-0.003258,340765.723228,0.000000,303251.128623,303156.862540,-84821.051864,306203.800780
260,-0.003204,340662.675145,0.000000,303251.128623,303156.862540,-35530.562183,306203.800780
261,-0.003136,340531.746711,0.000000,303251.128623,303156.862540,-154654.723730,306203.800780
262,-0.003067,340398.100064,0.000000,303251.128623,303156.862540,-195476.826103,306203.800780
263,-0.003064,340393.381674,0.000000,303251.128623,303156.862540,-290120.736544,306203.800780
264,-0.003064,340392.114016,0.000000,303251.128623,303156.862540,-47626.468636,306203.800780
265,-0.003051,340367.011017,0.000000,303251.128623,303156.862540,45650.679925,306203.800780
266,-0.003008,340285.719917,0.000000,303251.128623,303156.862540,97645.660095,306203.800780
267,-0.003002,340274.341084,0.000000,303251.128623,303156.862540,-96715.774248,306203.800780
268,-0.002951,340176.023806,0.000000,303251.128623,303156.862540,242179.634108,306203.800780
269,-0.002867,340013.946583,0.000000,303251.128623,303156.862540,-68723.189427,306203.800780
270,-0.002834,339949.695888,0.000000,303251.128623,303156.862540,126507.727409,306203.800780
271,-0.002748,339782.871211,0.000000,303251.128623,303156.862540,-22464.863106,306203.800780
272,-0.002678,339647.868201,0.000000,303251.128623,303156.862540,-60190.545158,306203.800780
273,-0.002651,339595.883394,0.000000,303251.128623,303156.862540,-131938.993986,306203.800780
274,-0.002632,339558.306799,0.000000,303251.128623,303156.862540,331203.829980,306203.800780
275,-0.002618,339531.556791,0.000000,303251.128623,303156.862540,-198818.014302,306203.800780
276,-0.002607,339509.337858,0.000000,303251.128623,303156.862540,-7155.390754,306203.800780
277,-0.002587,339471.594770,0.000000,303251.128623,303156.862540,-140034.261901,306203.800780
278,-0.002579,339456.316556,0.000000,303251.128623,303156.862540,-125114.634052,306203.800780
279,-0.002574,339445.154140,327329.913942,303251.128623,303156.862540,-56558.562485,306203.800780
280,-0.002553,339404.413516,0.000000,303251.128623,303156.862540,225781.387643,306203.800780
281,-0.002550,339398.673645,0.000000,303251.128623,303156.862540,176904.672099,306203.800780
282,-0.002510,339321.484833,0.000000,303251.128623,303156.862540,-14597.203363,306203.800780
283,-0.002506,339314.241867,0.000000,303251.128623,303156.862540,297648.787989,306203.800780
284,-0.002477,339256.539100,0.000000,303251.128623,303156.862540,-25612.818906,306203.800780
285,-0.002470,339244.591398,0.000000,303251.128623,303156.862540,258404.697762,306203.800780
286,-0.002454,339212.733313,0.000000,303251.128623,303156.862540,43691.417589,306203.800780
287,-0.002431,339168.694549,0.000000,303251.128623,303156.862540,126318.216722,306203.800780
288,-0.002430,339165.629811,0.000000,303251.128623,303156.862540,-112164.971712,306203.800780
289,-0.002426,339158.264869,0.000000,303251.128623,303156.862540,-19291.546827,306203.800780
290,-0.002392,339092.022754,0.000000,303251.128623,303156.862540,-48670.094002,306203.800780
291,-0.002384,339077.295402,0.000000,303251.128623,303156.862540,306105.803605,306203.800780
292,-0.002371,339050.553070,0.000000,303251.128623,303156.862540,-250154.444674,306203.800780
293,-0.002351,339012.956234,0.000000,303251.128623,303156.862540,-34938.298663,306203.800780
294,-0.002307,338927.185933,0.000000,303251.128623,303156.862540,154395.277526,306203.800780
295,-0.002305,338921.485244,0.000000,303251.128623,303156.862540,219806.462427,306203.800780
296,-0.002280,338874.235961,0.000000,303251.128623,303156.862540,26283.233465,306203.800780
297,-0.002273,338860.143801,0.000000,303251.128623,303156.862540,4561.526425,306203.800780
298,-0.002252,338819.779230,0.000000,303251.128623,303156.862540,-46085.015616,306203.800780
299,-0.002240,338796.324826,0.000000,303251.128623,303156.862540,152440.130922,306203.800780
300,-0.002224,338764.183703,0.000000,303251.128623,303156.862540,-9199.109017,306203.800780
301,-0.002201,338719.865593,0.000000,303251.128623,303156.862540,-78493.931743,306203.800780
302,-0.002198,338712.795304,0.000000,303251.128623,303156.862540,-130952.326639,306203.800780
303,-0.002168,338655.095952,0.000000,303251.128623,303156.862540,35004.202282,306203.800780
304,-0.002161,338640.985962,0.000000,303251.128623,303156.862540,151503.380737,306203.800780
305,-0.002135,338590.755483,0.000000,303251.128623,303156.862540,49410.556344,306203.800780
306,-0.002110,338541.423084,0.000000,303251.128623,303156.862540,-175830.584002,306203.800780
307,-0.002107,338536.303075,0.000000,303251.128623,303156.862540,-51227.419644,306203.800780
308,-0.002102,338525.224237,0.000000,303251.128623,303156.862540,97270.226427,306203.800780
309,-0.002072,338466.382106,0.000000,303251.128623,303156.862540,239897.935996,306203.800780
310,-0.002065,338453.833900,0.000000,303251.128623,303156.862540,-510121.494662,306203.800780
311,-0.001942,338211.731500,0.000000,303251.128623,303156.862540,357455.710074,306203.800780
312,-0.001937,338201.868340,0.000000,303251.128623,303156.862540,36717.011362,306203.800780
313,-0.001870,338071.502960,0.000000,303251.128623,303156.862540,10043.071984,306203.800780
314,-0.001858,338048.322026,0.000000,303251.128623,303156.862540,-118281.675340,306203.800780
315,-0.001839,338010.900295,0.000000,303251.128623,303156.862540,-25122.306097,306203.800780
316,-0.001809,337951.679412,0.000000,303251.128623,303156.862540,154395.615827,306203.800780
317,-0.001800,337933.187901,327327.472938,303251.128623,303156.862540,-91267.512499,306203.800780
318,-0.001784,337902.799454,327327.424207,303251.128623,303156.862540,-40836.673015,306203.800780
319,-0.001778,337890.473936,0.000000,303251.128623,303156.862540,-125012.820269,306203.800780
320,-0.001763,337861.255145,0.000000,303251.128623,303156.862540,-196825.253039,306203.800780
321,-0.001756,337846.244656,0.000000,303251.128623,303156.862540,-100199.654452,306203.800780
322,-0.001750,337834.700029,0.000000,303251.128623,303156.862540,-44092.146839,306203.800780
323,-0.001742,337818.537691,0.000000,303251.128623,303156.862540,61177.475953,306203.800780
324,-0.001722,337780.506591,0.000000,303251.128623,303156.862540,12985.473624,306203.800780
325,-0.001698,337732.108242,0.000000,303251.128623,303156.862540,-236957.904715,306203.800780
326,-0.001687,337710.348192,327327.115889,303251.128623,303156.862540,-131521.841040,306203.800780
327,-0.001671,337678.860533,0.000000,303251.128623,303156.862540,135603.757948,306203.800780
328,-0.001657,337652.410748,0.000000,303251.128623,303156.862540,-83316.851183,306203.800780
329,-0.001617,337573.868611,0.000000,303251.128623,303156.862540,48860.468244,306203.800780
330,-0.001597,337533.527792,0.000000,303251.128623,303156.862540,-188636.831389,306203.800780
331,-0.001574,337487.284265,0.000000,303251.128623,303156.862540,42616.561948,306203.800780
332,-0.001572,337483.607937,0.000000,303251.128623,303156.862540,-176926.364919,306203.800780
333,-0.001563,337465.916923,0.000000,303251.128623,303156.862540,-20030.082455,306203.800780
334,-0.001527,337394.228202,0.000000,303251.128623,303156.862540,27729.380878,306203.800780
335,-0.001518,337378.329213,0.000000,303251.128623,303156.862540,-163882.891991,306203.800780
336,-0.001505,337351.924344,0.000000,303251.128623,303156.862540,95875.422135,306203.800780
337,-0.001489,337319.877194,0.000000,303251.128623,303156.862540,-51960.215137,306203.800780
338,-0.001465,337272.538762,327326.416406,303251.128623,303156.862540,102105.741680,306203.800780
339,-0.001419,337181.486007,0.000000,303251.128623,303156.862540,205932.404838,306203.800780
340,-0.001392,337127.866589,0.000000,303251.128623,303156.862540,-66218.944890,306203.800780
341,-0.001341,337026.684868,0.000000,303251.128623,303156.862540,110456.151526,306203.800780
342,-0.001317,336978.597091,0.000000,303251.128623,303156.862540,-33432.701312,306203.800780
343,-0.001313,336970.630695,0.000000,303251.128623,303156.862540,-195248.308026,306203.800780
344,-0.001296,336938.088745,0.000000,303251.128623,303156.862540,26919.341109,306203.800780
345,-0.001267,336880.872156,0.000000,303251.128623,303156.862540,-49620.968439,306203.800780
346,-0.001257,336859.672198,0.000000,303251.128623,303156.862540,67293.378720,306203.800780
347,-0.001250,336847.099833,0.000000,303251.128623,303156.862540,-102051.651783,306203.800780
348,-0.001199,336745.108254,327325.577244,303251.128623,303156.862540,-94339.062571,306203.800780
349,-0.001197,336741.603064,0.000000,303251.128623,303156.862540,-16397.081075,306203.800780
350,-0.001173,336692.828002,0.000000,303251.128623,303156.862540,-174327.758052,306203.800780
351,-0.001141,336630.657562,0.000000,303251.128623,303156.862540,-17571.136998,306203.800780
352,-0.001086,336520.883533,0.000000,303251.128623,303156.862540,-97416.466062,306203.800780
353,-0.001050,336448.944045,0.000000,303251.128623,303156.862540,90114.044901,306203.800780
354,-0.001044,336437.399933,0.000000,303251.128623,303156.862540,143254.510543,306203.800780
355,-0.001029,336406.180400,0.000000,303251.128623,303156.862540,43578.516877,306203.800780
356,-0.000993,336335.363119,0.000000,303251.128623,303156.862540,-125343.088951,306203.800780
357,-0.000971,336291.268076,0.000000,303251.128623,303156.862540,22663.255381,306203.800780
358,-0.000915,336179.399713,0.000000,303251.128623,303156.862540,-55742.233742,306203.800780
359,-0.000891,336131.946921,0.000000,303251.128623,303156.862540,132249.410706,306203.800780
360,-0.000860,336069.607679,0.000000,303251.128623,303156.862540,-61128.281789,306203.800780
361,-0.000859,336067.228619,0.000000,303251.128623,303156.862540,339725.057798,306203.800780
362,-0.000857,336063.334855,327324.498144,303251.128623,303156.862540,-89486.078326,306203.800780
363,-0.000852,336053.630345,0.000000,303251.128623,303156.862540,31268.224642,306203.800780
364,-0.000821,335991.501802,0.000000,303251.128623,303156.862540,88575.204343,306203.800780
365,-0.000807,335962.990347,0.000000,303251.128623,303156.862540,58064.368844,306203.800780
366,-0.000762,335873.830166,0.000000,303251.128623,303156.862540,-54800.858236,306203.800780
367,-0.000736,335820.891453,0.000000,303251.128623,303156.862540,-172946.973202,306203.800780
368,-0.000720,335788.863140,0.000000,303251.128623,303156.862540,239251.297826,306203.800780
369,-0.000719,335787.255850,0.000000,303251.128623,303156.862540,12573.729163,306203.800780
370,-0.000694,335737.168443,0.000000,303251.128623,303156.862540,17516.751400,306203.800780
371,-0.000684,335716.942927,0.000000,303251.128623,303156.862540,21055.211506,306203.800780
372,-0.000680,335709.725371,0.000000,303251.128623,303156.862540,-77192.669403,306203.800780
373,-0.000634,335617.000361,0.000000,303251.128623,303156.862540,-169723.260421,306203.800780
374,-0.000611,335571.378304,0.000000,303251.128623,303156.862540,127727.880142,306203.800780
375,-0.000505,335357.615172,0.000000,303251.128623,303156.862540,-155038.957064,306203.800780
376,-0.000423,335193.307223,0.000000,303251.128623,303156.862540,174614.606913,306203.800780
377,-0.000411,335168.599879,0.000000,303251.128623,303156.862540,-212067.503112,306203.800780
378,-0.000407,335160.637344,327323.079017,303251.128623,303156.862540,21676.766759,306203.800780
379,-0.000389,335124.607403,0.000000,303251.128623,303156.862540,-103379.999563,306203.800780
380,-0.000386,335119.043655,0.000000,303251.128623,303156.862540,111162.353917,306203.800780
381,-0.000348,335040.794038,327322.891430,303251.128623,303156.862540,146932.198508,306203.800780
382,-0.000342,335029.177896,0.000000,303251.128623,303156.862540,-215291.197399,306203.800780
383,-0.000240,334823.169142,0.000000,303251.128623,303156.862540,140289.616518,306203.800780
384,-0.000239,334821.113369,0.000000,303251.128623,303156.862540,51278.255281,306203.800780
385,-0.000238,334820.105106,0.000000,303251.128623,303156.862540,-63542.472427,306203.800780
386,-0.000200,334742.849872,0.000000,303251.128623,303156.862540,11727.205249,306203.800780
387,-0.000190,334723.256437,0.000000,303251.128623,303156.862540,323784.111390,306203.800780
388,-0.000180,334702.614980,0.000000,303251.128623,303156.862540,-93078.537039,306203.800780
389,-0.000175,334691.371342,0.000000,303251.128623,303156.862540,299513.992307,306203.800780
390,-0.000151,334643.952163,0.000000,303251.128623,303156.862540,-130979.637799,306203.800780
391,-0.000128,334596.669314,0.000000,303251.128623,303156.862540,223230.043183,306203.800780
392,-0.000127,334595.097768,0.000000,303251.128623,303156.862540,378391.312262,306203.800780
393,-0.000116,334571.714188,0.000000,303251.128623,303156.862540,-55355.399316,306203.800780
394,-0.000089,334518.862496,0.000000,303251.128623,303156.862540,-213899.422901,306203.800780
395,-0.000058,334455.436553,327321.977924,303251.128623,303156.862540,77.045947,306203.800780
396,-0.000052,334442.532929,0.000000,303251.128623,303156.862540,-66759.284989,306203.800780
397,-0.000042,334422.516908,0.000000,303251.128623,303156.862540,129047.599697,306203.800780
398,-0.000026,334390.264461,0.000000,303251.128623,303156.862540,85838.960890,306203.800780
399,-0.000018,334374.498932,0.000000,303251.128623,303156.862540,117356.104865,306203.800780
400,-0.000014,334366.725747,0.000000,303251.128623,303156.862540,-219275.758578,306203.800780
401,-0.000007,334351.167129,0.000000,303251.128623,303156.862540,246856.087002,306203.800780
402,-0.000004,334346.062497,0.000000,303251.128623,303156.862540,35010.019845,306203.800780
403,-0.000002,334340.682556,0.000000,303251.128623,303156.862540,107803.097007,306203.800780
404,0.000026,334284.731399,0.000000,303251.128623,303156.862540,-36061.571694,306203.800780
405,0.000031,334273.858209,0.000000,303251.128623,303156.862540,-42386.548099,306203.800780
406,0.000039,334258.402555,327321.671450,303251.128623,303156.862540,-146473.783618,306203.800780
407,0.000058,334219.316252,0.000000,303251.128623,303156.862540,-128178.503360,306203.800780
408,0.000069,334197.394855,0.000000,303251.128623,303156.862540,124927.533710,306203.800780
409,0.000119,334095.782842,0.000000,303251.128623,303156.862540,-22972.460002,306203.800780
410,0.000129,334075.367122,0.000000,303251.128623,303156.862540,480.256539,306203.800780
411,0.000134,334065.428987,0.000000,303251.128623,303156.862540,19509.578582,306203.800780
412,0.000141,334050.459192,0.000000,303251.128623,303156.862540,168221.562071,306203.800780
413,0.000142,334049.822794,0.000000,303251.128623,303156.862540,-46921.438321,306203.800780
414,0.000143,334046.767898,0.000000,303251.128623,303156.862540,49578.397656,306203.800780
415,0.000178,333975.575547,0.000000,303251.128623,303156.862540,87551.033028,306203.800780
416,0.000237,333856.206826,0.000000,303251.128623,303156.862540,320316.308437,306203.800780
417,0.000245,333840.310118,0.000000,303251.128623,303156.862540,3439.097778,306203.800780
418,0.000252,333825.680143,0.000000,303251.128623,303156.862540,43953.218703,306203.800780
419,0.000283,333762.584382,0.000000,303251.128623,303156.862540,-39120.186257,306203.800780
420,0.000313,333701.347999,0.000000,303251.128623,303156.862540,57148.435187,306203.800780
421,0.000323,333680.399859,0.000000,303251.128623,303156.862540,-140318.929391,306203.800780
422,0.000333,333659.079799,0.000000,303251.128623,303156.862540,-100686.973760,306203.800780
423,0.000339,333646.838738,0.000000,303251.128623,303156.862540,-59025.027847,306203.800780
424,0.000342,333641.189076,0.000000,303251.128623,303156.862540,-398351.457117,306203.800780
425,0.000348,333629.471150,0.000000,303251.128623,303156.862540,38865.317782,306203.800780
426,0.000350,333625.046685,0.000000,303251.128623,303156.862540,110912.897937,306203.800780
427,0.000356,333613.152950,0.000000,303251.128623,303156.862540,-2385.726460,306203.800780
428,0.000366,333592.724123,0.000000,303251.128623,303156.862540,178572.437553,306203.800780
429,0.000403,333516.648070,0.000000,303251.128623,303156.862540,-91518.703179,306203.800780
430,0.000412,333499.468978,0.000000,303251.128623,303156.862540,-31022.871811,306203.800780
431,0.000421,333480.905610,0.000000,303251.128623,303156.862540,44080.754593,306203.800780
432,0.000435,333452.535614,0.000000,303251.128623,303156.862540,82162.906552,306203.800780
433,0.000443,333435.793903,0.000000,303251.128623,303156.862540,78440.559233,306203.800780
434,0.000496,333326.958229,0.000000,303251.128623,303156.862540,91765.940016,306203.800780
435,0.000515,333288.654923,0.000000,303251.128623,303156.862540,-102056.621617,306203.800780
436,0.000518,333282.445421,327320.160878,303251.128623,303156.862540,38430.784281,306203.800780
437,0.000522,333273.739091,0.000000,303251.128623,303156.862540,-254787.157436,306203.800780
438,0.000535,333246.960222,0.000000,303251.128623,303156.862540,39825.300603,306203.800780
439,0.000582,333151.225979,0.000000,303251.128623,303156.862540,-47304.612536,306203.800780
440,0.000609,333095.921055,0.000000,303251.128623,303156.862540,131805.785010,306203.800780
441,0.000652,333007.831285,0.000000,303251.128623,303156.862540,185986.740496,306203.800780
442,0.000656,333000.130415,0.000000,303251.128623,303156.862540,-187906.082309,306203.800780
443,0.000674,332962.649050,0.000000,303251.128623,303156.862540,-256505.863087,306203.800780
444,0.000702,332904.926377,0.000000,303251.128623,303156.862540,-39178.655815,306203.800780
445,0.000722,332863.923961,0.000000,303251.128623,303156.862540,31089.339060,306203.800780
446,0.000732,332843.723853,0.000000,303251.128623,303156.862540,85065.589806,306203.800780
447,0.000766,332774.151561,0.000000,303251.128623,303156.862540,250368.293171,306203.800780
448,0.000785,332734.172140,0.000000,303251.128623,303156.862540,130007.665844,306203.800780
449,0.000798,332707.871128,0.000000,303251.128623,303156.862540,-45045.152364,306203.800780
450,0.000809,332683.997894,0.000000,303251.128623,303156.862540,197598.910792,306203.800780
451,0.000825,332651.375765,0.000000,303251.128623,303156.862540,87766.582756,306203.800780
452,0.000845,332610.805102,0.000000,303251.128623,303156.862540,-41604.439392,306203.800780
453,0.000868,332563.319934,0.000000,303251.128623,303156.862540,-27215.797126,306203.800780
454,0.000870,332558.284594,0.000000,303251.128623,303156.862540,232311.818293,306203.800780
455,0.000888,332522.317540,0.000000,303251.128623,303156.862540,-35886.068953,306203.800780
456,0.000888,332521.332892,0.000000,303251.128623,303156.862540,160191.902994,306203.800780
457,0.000889,332520.671100,0.000000,303251.128623,303156.862540,56030.573878,306203.800780
458,0.000910,332476.233241,0.000000,303251.128623,303156.862540,-260309.480094,306203.800780
459,0.000946,332403.253024,327318.810605,303251.128623,303156.862540,205885.862985,306203.800780
460,0.000946,332402.573765,0.000000,303251.128623,303156.862540,25566.232362,306203.800780
461,0.000955,332383.880240,0.000000,303251.128623,303156.862540,112245.229930,306203.800780
462,0.000957,332380.284592,327318.775462,303251.128623,303156.862540,36733.049122,306203.800780
463,0.001019,332251.218856,0.000000,303251.128623,303156.862540,-52659.309150,306203.800780
464,0.001043,332202.295100,0.000000,303251.128623,303156.862540,-500.554534,306203.800780
465,0.001049,332189.532486,0.000000,303251.128623,303156.862540,152549.209972,306203.800780
466,0.001065,332157.106379,0.000000,303251.128623,303156.862540,-2491.872210,306203.800780
467,0.001104,332077.176630,0.000000,303251.128623,303156.862540,103397.461924,306203.800780
468,0.001253,331766.977925,327317.839547,303251.128623,303156.862540,256316.315480,306203.800780
469,0.001263,331747.012055,0.000000,303251.128623,303156.862540,47817.441280,306203.800780
470,0.001287,331698.188427,0.000000,303251.128623,303156.862540,-187384.147369,306203.800780
471,0.001290,331690.795700,327317.723623,303251.128623,303156.862540,63745.547436,306203.800780
472,0.001294,331682.398382,0.000000,303251.128623,303156.862540,113213.914336,306203.800780
473,0.001310,331650.048986,0.000000,303251.128623,303156.862540,26261.210355,306203.800780
474,0.001322,331624.943980,0.000000,303251.128623,303156.862540,78766.925526,306203.800780
475,0.001365,331534.884652,327317.486607,303251.128623,303156.862540,229826.595837,306203.800780
476,0.001393,331476.699274,0.000000,303251.128623,303156.862540,-111989.254659,306203.800780
477,0.001395,331472.899775,0.000000,303251.128623,303156.862540,-2776.624580,306203.800780
478,0.001430,331400.815927,0.000000,303251.128623,303156.862540,-41118.467269,306203.800780
479,0.001438,331383.173201,327317.256268,303251.128623,303156.862540,-262861.476061,306203.800780
480,0.001463,331331.424377,0.000000,303251.128623,303156.862540,-54038.821816,306203.800780
481,0.001473,331310.797773,0.000000,303251.128623,303156.862540,18861.159759,306203.800780
482,0.001489,331277.231856,0.000000,303251.128623,303156.862540,-8964.038943,306203.800780
483,0.001495,331264.551552,0.000000,303251.128623,303156.862540,-298307.591361,306203.800780
484,0.001516,331222.262224,0.000000,303251.128623,303156.862540,-209886.961709,306203.800780
485,0.001554,331143.177268,0.000000,303251.128623,303156.862540,109339.509064,306203.800780
486,0.001573,331102.199391,0.000000,303251.128623,303156.862540,179187.294412,306203.800780
487,0.001603,331039.994509,0.000000,303251.128623,303156.862540,-90644.692641,306203.800780
488,0.001695,330848.645063,0.000000,303251.128623,303156.862540,-189970.594305,306203.800780
489,0.001726,330783.149123,327316.348083,303251.128623,303156.862540,117506.214816,306203.800780
490,0.001727,330781.855743,0.000000,303251.128623,303156.862540,-5573.315302,306203.800780
491,0.001731,330773.491737,0.000000,303251.128623,303156.862540,-90791.504573,306203.800780
492,0.001746,330740.758466,0.000000,303251.128623,303156.862540,-80815.211230,306203.800780
493,0.001775,330681.750095,0.000000,303251.128623,303156.862540,265618.304657,306203.800780
494,0.001780,330671.150578,0.000000,303251.128623,303156.862540,-73794.879697,306203.800780
495,0.001790,330649.905549,0.000000,303251.128623,303156.862540,33769.800861,306203.800780
496,0.001793,330642.288027,327316.135527,303251.128623,303156.862540,-28140.322804,306203.800780
497,0.001816,330595.440408,0.000000,303251.128623,303156.862540,-34377.302724,306203.800780
498,0.001836,330554.230617,0.000000,303251.128623,303156.862540,154613.022378,306203.800780
499,0.001861,330500.804778,0.000000,303251.128623,303156.862540,-76133.288335,306203.800780
500,0.001893,330434.513357,0.000000,303251.128623,303156.862540,-125720.701315,306203.800780
501,0.001900,330418.462414,0.000000,303251.128623,303156.862540,-44689.465700,306203.800780
502,0.001930,330355.756388,327315.703915,303251.128623,303156.862540,-211285.988477,306203.800780
503,0.001952,330310.320620,0.000000,303251.128623,303156.862540,-63265.717829,306203.800780
504,0.001952,330309.789234,0.000000,303251.128623,303156.862540,-131065.949545,306203.800780
505,0.001977,330256.811298,0.000000,303251.128623,303156.862540,-60169.147594,306203.800780
506,0.001983,330245.099162,327315.537499,303251.128623,303156.862540,-18972.501657,306203.800780
507,0.002003,330202.661500,0.000000,303251.128623,303156.862540,128277.696079,306203.800780
508,0.002007,330194.685697,0.000000,303251.128623,303156.862540,-81082.382071,306203.800780
509,0.002052,330100.709710,0.000000,303251.128623,303156.862540,-101339.186025,306203.800780
510,0.002052,330099.943688,0.000000,303251.128623,303156.862540,-143909.140455,306203.800780
511,0.002057,330088.957719,0.000000,303251.128623,303156.862540,73825.713243,306203.800780
512,0.002058,330087.253125,0.000000,303251.128623,303156.862540,131383.291832,306203.800780
513,0.002125,329946.472356,327315.089149,303251.128623,303156.862540,-84380.118822,306203.800780
514,0.002172,329848.383628,0.000000,303251.128623,303156.862540,-177007.605776,306203.800780
515,0.002172,329846.785851,0.000000,303251.128623,303156.862540,-238483.466249,306203.800780
516,0.002181,329828.740891,0.000000,303251.128623,303156.862540,-68252.911680,306203.800780
517,0.002212,329764.172674,0.000000,303251.128623,303156.862540,149643.026086,306203.800780
518,0.002264,329653.882251,327314.650921,303251.128623,303156.862540,-25295.570970,306203.800780
519,0.002274,329632.836279,0.000000,303251.128623,303156.862540,50618.655766,306203.800780
520,0.002372,329424.715722,0.000000,303251.128623,303156.862540,-19450.383088,306203.800780
521,0.002378,329412.474900,0.000000,303251.128623,303156.862540,377732.533241,306203.800780
522,0.002413,329338.254329,0.000000,303251.128623,303156.862540,227191.261766,306203.800780
523,0.002426,329310.692171,0.000000,303251.128623,303156.862540,-17832.823515,306203.800780
524,0.002530,329092.427058,0.000000,303251.128623,303156.862540,16158.985190,306203.800780
525,0.002543,329064.432398,0.000000,303251.128623,303156.862540,-206885.807190,306203.800780
526,0.002574,328999.071162,0.000000,303251.128623,303156.862540,101808.535988,306203.800780
527,0.002608,328925.940065,0.000000,303251.128623,303156.862540,132727.439307,306203.800780
528,0.002659,328818.342726,0.000000,303251.128623,303156.862540,238848.185202,306203.800780
529,0.002694,328742.405642,0.000000,303251.128623,303156.862540,-82831.445141,306203.800780
530,0.002717,328695.078687,0.000000,303251.128623,303156.862540,-410317.543544,306203.800780
531,0.002717,328694.429336,0.000000,303251.128623,303156.862540,170885.794544,306203.800780
532,0.002749,328625.790663,0.000000,303251.128623,303156.862540,-187054.244009,306203.800780
533,0.002772,328577.961361,0.000000,303251.128623,303156.862540,123308.097379,306203.800780
534,0.002788,328543.078219,0.000000,303251.128623,303156.862540,-100.428916,306203.800780
535,0.002852,328406.483880,0.000000,303251.128623,303156.862540,-51208.124259,306203.800780
536,0.002853,328405.569176,327312.792915,303251.128623,303156.862540,-1256.013779,306203.800780
537,0.002863,328383.632648,0.000000,303251.128623,303156.862540,19669.814156,306203.800780
538,0.002897,328311.041040,0.000000,303251.128623,303156.862540,154488.391312,306203.800780
539,0.002977,328140.368232,0.000000,303251.128623,303156.862540,261162.938286,306203.800780
540,0.003004,328081.943491,0.000000,303251.128623,303156.862540,-7434.456999,306203.800780
541,0.003034,328018.012930,0.000000,303251.128623,303156.862540,-143842.997899,306203.800780
542,0.003066,327950.055726,327312.119579,303251.128623,303156.862540,149259.497564,306203.800780
543,0.003070,327942.333817,0.000000,303251.128623,303156.862540,127415.830556,306203.800780
544,0.003083,327912.876275,0.000000,303251.128623,303156.862540,-58632.928596,306203.800780
545,0.003091,327897.733979,0.000000,303251.128623,303156.862540,-213342.576753,306203.800780
546,0.003177,327713.181094,0.000000,303251.128623,303156.862540,269255.993534,306203.800780
547,0.003181,327704.445884,0.000000,303251.128623,303156.862540,126956.926362,306203.800780
548,0.003228,327603.782659,327311.609371,303251.128623,303156.862540,102503.695228,306203.800780
549,0.003262,327529.328504,0.000000,303251.128623,303156.862540,125184.297526,306203.800780
550,0.003270,327513.672219,0.000000,303251.128623,303156.862540,248410.045673,306203.800780
551,0.003300,327447.990771,0.000000,303251.128623,303156.862540,76483.312084,306203.800780
552,0.003312,327422.364593,0.000000,303251.128623,303156.862540,139105.181178,306203.800780
553,0.003324,327397.547626,0.000000,303251.128623,303156.862540,-214164.488274,306203.800780
554,0.003333,327377.828989,0.000000,303251.128623,303156.862540,78542.793022,306203.800780
555,0.003343,327356.941834,0.000000,303251.128623,303156.862540,136615.042679,306203.800780
556,0.003402,327230.156558,0.000000,303251.128623,303156.862540,-219174.515370,306203.800780
557,0.003429,327171.718382,0.000000,303251.128623,303156.862540,-105866.609953,306203.800780
558,0.003446,327134.228404,0.000000,303251.128623,303156.862540,-46188.461131,306203.800780
559,0.003523,326968.270882,0.000000,303251.128623,303156.862540,66355.906863,306203.800780
560,0.003526,326963.484896,0.000000,303251.128623,303156.862540,-14345.764357,306203.800780
561,0.003568,326872.741378,0.000000,303251.128623,303156.862540,17227.738998,306203.800780
562,0.003628,326742.126327,0.000000,303251.128623,303156.862540,104992.511575,306203.800780
563,0.003664,326665.335705,0.000000,303251.128623,303156.862540,211880.769068,306203.800780
564,0.003666,326660.368535,0.000000,303251.128623,303156.862540,-63131.250459,306203.800780
565,0.003728,326526.561771,0.000000,303251.128623,303156.862540,-16968.604692,306203.800780
566,0.003743,326493.055636,0.000000,303251.128623,303156.862540,-111950.556647,306203.800780
567,0.003792,326388.212668,0.000000,303251.128623,303156.862540,-112069.791342,306203.800780
568,0.003793,326385.822912,0.000000,303251.128623,303156.862540,-200722.550261,306203.800780
569,0.003866,326227.776212,0.000000,303251.128623,303156.862540,-4719.178788,306203.800780
570,0.004033,325863.664587,0.000000,303251.128623,303156.862540,-266936.352804,306203.800780
571,0.004050,325828.577076,0.000000,303251.128623,303156.862540,-98331.087349,306203.800780
572,0.004136,325639.472377,0.000000,303251.128623,303156.862540,-130708.358444,306203.800780
573,0.004140,325631.237746,327308.729760,303251.128623,303156.862540,88670.902004,306203.800780
574,0.004201,325498.724343,0.000000,303251.128623,303156.862540,-77228.101569,306203.800780
575,0.004221,325455.946906,0.000000,303251.128623,303156.862540,-228515.715811,306203.800780
576,0.004251,325390.514097,0.000000,303251.128623,303156.862540,13774.182545,306203.800780
577,0.004261,325368.525659,327308.349637,303251.128623,303156.862540,-61572.374651,306203.800780
578,0.004385,325095.834351,327307.955909,303251.128623,303156.862540,113613.916630,306203.800780
579,0.004412,325037.988504,0.000000,303251.128623,303156.862540,-247225.405346,306203.800780
580,0.004414,325033.771220,327307.866417,303251.128623,303156.862540,79537.498278,306203.800780
581,0.004457,324939.767491,327307.730951,303251.128623,303156.862540,-248013.626849,306203.800780
582,0.004572,324686.926532,0.000000,303251.128623,303156.862540,-131908.021760,306203.800780
583,0.004576,324677.746871,0.000000,303251.128623,303156.862540,77181.011731,306203.800780
584,0.004591,324645.236168,0.000000,303251.128623,303156.862540,80177.218104,306203.800780
585,0.004625,324570.866616,0.000000,303251.128623,303156.862540,-56897.503099,306203.800780
586,0.004645,324525.526912,327307.135197,303251.128623,303156.862540,308759.748951,306203.800780
587,0.004697,324411.679251,0.000000,303251.128623,303156.862540,51307.877477,306203.800780
588,0.004764,324265.084083,327306.761624,303251.128623,303156.862540,72929.980088,306203.800780
589,0.004764,324263.664104,0.000000,303251.128623,303156.862540,-153706.589097,306203.800780
590,0.004795,324196.946299,0.000000,303251.128623,303156.862540,24581.228927,306203.800780
591,0.004795,324196.837062,0.000000,303251.128623,303156.862540,17211.843368,306203.800780
592,0.004800,324185.551604,0.000000,303251.128623,303156.862540,121988.546744,306203.800780
593,0.004810,324162.709460,0.000000,303251.128623,303156.862540,199579.588996,306203.800780
594,0.004835,324109.067632,0.000000,303251.128623,303156.862540,29897.689366,306203.800780
595,0.004893,323979.212373,0.000000,303251.128623,303156.862540,-122954.281871,306203.800780
596,0.004924,323910.908231,0.000000,303251.128623,303156.862540,111135.897898,306203.800780
597,0.004933,323891.962112,0.000000,303251.128623,303156.862540,20979.920059,306203.800780
598,0.004954,323844.391037,0.000000,303251.128623,303156.862540,-199009.010764,306203.800780
599,0.005016,323709.332176,0.000000,303251.128623,303156.862540,-137622.223770,306203.800780
600,0.005091,323541.799291,0.000000,303251.128623,303156.862540,-274521.227260,306203.800780
601,0.005096,323530.811473,327305.712500,303251.128623,303156.862540,164813.306275,306203.800780
602,0.005159,323390.546637,0.000000,303251.128623,303156.862540,64340.348705,306203.800780
603,0.005191,323321.450897,0.000000,303251.128623,303156.862540,67904.262004,306203.800780
604,0.005219,323259.439122,0.000000,303251.128623,303156.862540,121969.669783,306203.800780
605,0.005238,323217.072103,0.000000,303251.128623,303156.862540,141880.811966,306203.800780
606,0.005262,323162.746469,327305.188872,303251.128623,303156.862540,24906.312132,306203.800780
607,0.005302,323073.645095,0.000000,303251.128623,303156.862540,80507.101185,306203.800780
608,0.005314,323046.641620,0.000000,303251.128623,303156.862540,-65397.570937,306203.800780
609,0.005359,322947.355926,0.000000,303251.128623,303156.862540,-86161.583549,306203.800780
610,0.005500,322634.113675,0.000000,303251.128623,303156.862540,-289546.504912,306203.800780
611,0.005507,322617.011124,0.000000,303251.128623,303156.862540,13459.401432,306203.800780
612,0.005520,322587.997787,0.000000,303251.128623,303156.862540,-185023.740323,306203.800780
613,0.005523,322581.945444,0.000000,303251.128623,303156.862540,-52019.113919,306203.800780
614,0.005564,322489.615829,0.000000,303251.128623,303156.862540,21110.971689,306203.800780
615,0.005635,322332.469071,0.000000,303251.128623,303156.862540,61023.752251,306203.800780
616,0.005639,322323.219910,0.000000,303251.128623,303156.862540,-261543.178233,306203.800780
617,0.005645,322309.830369,0.000000,303251.128623,303156.862540,-81363.687588,306203.800780
618,0.005648,322301.761308,327303.969835,303251.128623,303156.862540,22173.441549,306203.800780
619,0.005675,322241.410404,0.000000,303251.128623,303156.862540,-96134.667134,306203.800780
620,0.005756,322061.735753,0.000000,303251.128623,303156.862540,1898.405325,306203.800780
621,0.005812,321935.998969,0.000000,303251.128623,303156.862540,-87502.407763,306203.800780
622,0.005813,321933.321989,0.000000,303251.128623,303156.862540,211307.100470,306203.800780
623,0.005815,321928.499803,0.000000,303251.128623,303156.862540,-13893.237986,306203.800780
624,0.005838,321877.090954,0.000000,303251.128623,303156.862540,109246.385443,306203.800780
625,0.005845,321860.631149,0.000000,303251.128623,303156.862540,135535.251340,306203.800780
626,0.005863,321819.948428,0.000000,303251.128623,303156.862540,136806.809172,306203.800780
627,0.005864,321817.399961,0.000000,303251.128623,303156.862540,43672.032363,306203.800780
628,0.005909,321718.342790,0.000000,303251.128623,303156.862540,116495.590335,306203.800780
629,0.005932,321665.117780,0.000000,303251.128623,303156.862540,-94684.861387,306203.800780
630,0.005941,321645.602702,0.000000,303251.128623,303156.862540,-43832.527500,306203.800780
631,0.005943,321639.984823,0.000000,303251.128623,303156.862540,-110816.910403,306203.800780
632,0.005945,321635.681455,0.000000,303251.128623,303156.862540,-10546.642140,306203.800780
633,0.006049,321402.717692,0.000000,303251.128623,303156.862540,-93687.827216,306203.800780
634,0.006057,321383.317195,0.000000,303251.128623,303156.862540,6103.965133,306203.800780
635,0.006096,321297.221908,0.000000,303251.128623,303156.862540,-54178.053112,306203.800780
636,0.006110,321264.159635,0.000000,303251.128623,303156.862540,242887.121927,306203.800780
637,0.006163,321145.209528,0.000000,303251.128623,303156.862540,-212934.509896,306203.800780
638,0.006228,320997.833787,0.000000,303251.128623,303156.862540,177765.041708,306203.800780
639,0.006239,320973.495414,0.000000,303251.128623,303156.862540,138216.455784,306203.800780
640,0.006285,320868.973681,0.000000,303251.128623,303156.862540,-67711.153555,306203.800780
641,0.006334,320759.518772,0.000000,303251.128623,303156.862540,57102.506151,306203.800780
642,0.006337,320752.465143,327301.796600,303251.128623,303156.862540,-140131.653296,306203.800780
643,0.006349,320724.175395,0.000000,303251.128623,303156.862540,-80986.503491,306203.800780
644,0.006350,320721.962831,0.000000,303251.128623,303156.862540,-48157.383580,306203.800780
645,0.006456,320481.870524,0.000000,303251.128623,303156.862540,-60438.307861,306203.800780
646,0.006467,320457.285803,0.000000,303251.128623,303156.862540,-83566.951083,306203.800780
647,0.006475,320439.519948,0.000000,303251.128623,303156.862540,3114.381725,306203.800780
648,0.006479,320431.203012,0.000000,303251.128623,303156.862540,-39287.844234,306203.800780
649,0.006519,320338.683798,0.000000,303251.128623,303156.862540,47007.822314,306203.800780
650,0.006526,320323.602152,0.000000,303251.128623,303156.862540,-85111.503671,306203.800780
651,0.006589,320179.197592,0.000000,303251.128623,303156.862540,-22312.555755,306203.800780
652,0.006600,320155.584367,0.000000,303251.128623,303156.862540,153748.876539,306203.800780
653,0.006606,320141.228286,0.000000,303251.128623,303156.862540,35699.281652,306203.800780
654,0.006618,320114.471570,0.000000,303251.128623,303156.862540,-125961.904604,306203.800780
655,0.006624,320099.590236,0.000000,303251.128623,303156.862540,-13094.610018,306203.800780
656,0.006629,320090.168586,0.000000,303251.128623,303156.862540,-77292.727795,306203.800780
657,0.006635,320074.686500,0.000000,303251.128623,303156.862540,138687.517913,306203.800780
658,0.006655,320029.725247,0.000000,303251.128623,303156.862540,-60368.173637,306203.800780
659,0.006661,320016.204157,0.000000,303251.128623,303156.862540,104230.593930,306203.800780
660,0.006682,319969.510759,0.000000,303251.128623,303156.862540,-115757.416036,306203.800780
661,0.006815,319665.366753,0.000000,303251.128623,303156.862540,-144703.390463,306203.800780
662,0.006843,319602.095071,0.000000,303251.128623,303156.862540,-161952.622166,306203.800780
663,0.006848,319589.399966,0.000000,303251.128623,303156.862540,-30060.746738,306203.800780
664,0.006862,319557.857901,0.000000,303251.128623,303156.862540,-64029.187925,306203.800780
665,0.006883,319510.757318,0.000000,303251.128623,303156.862540,-120471.503240,306203.800780
666,0.006918,319430.956380,0.000000,303251.128623,303156.862540,-1324.385825,306203.800780
667,0.006934,319393.512640,0.000000,303251.128623,303156.862540,36327.039494,306203.800780
668,0.006961,319330.843359,327299.825075,303251.128623,303156.862540,117206.962886,306203.800780
669,0.006998,319247.256563,0.000000,303251.128623,303156.862540,37091.028959,306203.800780
670,0.006998,319247.071957,0.000000,303251.128623,303156.862540,188462.132228,306203.800780
671,0.007036,319159.002353,0.000000,303251.128623,303156.862540,168011.671111,306203.800780
672,0.007037,319158.223871,0.000000,303251.128623,303156.862540,-43190.554954,306203.800780
673,0.007060,319105.419867,0.000000,303251.128623,303156.862540,-171633.143299,306203.800780
674,0.007097,319019.057039,0.000000,303251.128623,303156.862540,43780.350228,306203.800780
675,0.007177,318837.173597,0.000000,303251.128623,303156.862540,-89443.857128,306203.800780
676,0.007194,318796.754180,327299.089899,303251.128623,303156.862540,149984.208132,306203.800780
677,0.007230,318713.625374,0.000000,303251.128623,303156.862540,29220.832646,306203.800780
678,0.007245,318679.204452,327298.928491,303251.128623,303156.862540,187003.868697,306203.800780
679,0.007259,318647.595421,0.000000,303251.128623,303156.862540,-38977.044727,306203.800780
680,0.007326,318493.362334,0.000000,303251.128623,303156.862540,-24543.049849,306203.800780
681,0.007342,318456.715681,0.000000,303251.128623,303156.862540,-186867.951110,306203.800780
682,0.007351,318436.773214,0.000000,303251.128623,303156.862540,-94011.915717,306203.800780
683,0.007380,318369.444541,0.000000,303251.128623,303156.862540,105009.295634,306203.800780
684,0.007388,318351.699638,0.000000,303251.128623,303156.862540,83607.221249,306203.800780
685,0.007390,318346.705338,0.000000,303251.128623,303156.862540,78178.583373,306203.800780
686,0.007425,318264.603467,327298.360347,303251.128623,303156.862540,-37039.188784,306203.800780
687,0.007449,318209.730576,0.000000,303251.128623,303156.862540,-65684.889437,306203.800780
688,0.007487,318122.632446,0.000000,303251.128623,303156.862540,105041.336647,306203.800780
689,0.007511,318067.169573,327298.090422,303251.128623,303156.862540,-60487.599390,306203.800780
690,0.007518,318049.950332,0.000000,303251.128623,303156.862540,-50343.949543,306203.800780
691,0.007656,317730.939112,0.000000,303251.128623,303156.862540,252599.988461,306203.800780
692,0.007693,317645.242050,0.000000,303251.128623,303156.862540,-47951.637194,306203.800780
693,0.007699,317630.676517,0.000000,303251.128623,303156.862540,278328.775118,306203.800780
694,0.007819,317352.060969,0.000000,303251.128623,303156.862540,79712.229210,306203.800780
695,0.007831,317324.495871,0.000000,303251.128623,303156.862540,-114713.854418,306203.800780
696,0.007837,317312.249971,0.000000,303251.128623,303156.862540,-204205.275184,306203.800780
697,0.007918,317123.201930,0.000000,303251.128623,303156.862540,-100563.380424,306203.800780
698,0.008064,316782.240299,0.000000,303251.128623,303156.862540,138653.494436,306203.800780
699,0.008105,316686.532176,327296.214047,303251.128623,303156.862540,-70853.081145,306203.800780
700,0.008141,316602.267867,0.000000,303251.128623,303156.862540,23103.561720,306203.800780
701,0.008227,316401.749251,0.000000,303251.128623,303156.862540,56454.069417,306203.800780
702,0.008246,316357.300562,0.000000,303251.128623,303156.862540,-46072.391452,306203.800780
703,0.008268,316306.907203,0.000000,303251.128623,303156.862540,314304.787947,306203.800780
704,0.008280,316277.526988,0.000000,303251.128623,303156.862540,-168164.222162,306203.800780
705,0.008298,316235.867697,0.000000,303251.128623,303156.862540,182446.734741,306203.800780
706,0.008310,316207.647876,0.000000,303251.128623,303156.862540,-390985.875018,306203.800780
707,0.008313,316199.480456,0.000000,303251.128623,303156.862540,-77218.027860,306203.800780
708,0.008372,316062.691058,0.000000,303251.128623,303156.862540,157257.141391,306203.800780
709,0.008381,316042.096252,0.000000,303251.128623,303156.862540,13709.293312,306203.800780
710,0.008403,315988.393948,0.000000,303251.128623,303156.862540,128583.780718,306203.800780
711,0.008427,315932.337906,0.000000,303251.128623,303156.862540,-105608.593384,306203.800780
712,0.008493,315778.003447,0.000000,303251.128623,303156.862540,-115749.516993,306203.800780
713,0.008510,315738.175859,0.000000,303251.128623,303156.862540,58873.486591,306203.800780
714,0.008522,315710.454973,0.000000,303251.128623,303156.862540,-104355.959825,306203.800780
715,0.008568,315600.860313,0.000000,303251.128623,303156.862540,-3151.802546,306203.800780
716,0.008576,315583.602587,0.000000,303251.128623,303156.862540,-244641.862931,306203.800780
717,0.008611,315500.869626,0.000000,303251.128623,303156.862540,-48248.887219,306203.800780
718,0.008638,315436.804619,0.000000,303251.128623,303156.862540,-46812.150695,306203.800780
719,0.008645,315419.963000,0.000000,303251.128623,303156.862540,-23637.461200,306203.800780
720,0.008662,315379.975009,0.000000,303251.128623,303156.862540,-106415.860859,306203.800780
721,0.008702,315285.169541,0.000000,303251.128623,303156.862540,21710.660557,306203.800780
722,0.008713,315260.432621,0.000000,303251.128623,303156.862540,27515.873363,306203.800780
723,0.008794,315068.585035,0.000000,303251.128623,303156.862540,-52944.916468,306203.800780
724,0.008816,315017.197972,0.000000,303251.128623,303156.862540,103892.908885,306203.800780
725,0.008839,314961.041503,0.000000,303251.128623,303156.862540,-91396.537843,306203.800780
726,0.008912,314789.835704,327293.667750,303251.128623,303156.862540,302739.648628,306203.800780
727,0.008917,314778.009632,0.000000,303251.128623,303156.862540,96450.239121,306203.800780
728,0.008924,314761.946667,0.000000,303251.128623,303156.862540,141295.060896,306203.800780
729,0.008962,314671.821692,0.000000,303251.128623,303156.862540,-114138.998867,306203.800780
730,0.008970,314652.685367,0.000000,303251.128623,303156.862540,-116669.291230,306203.800780
731,0.008972,314646.436121,0.000000,303251.128623,303156.862540,-71744.034849,306203.800780
732,0.008982,314623.296334,0.000000,303251.128623,303156.862540,-279556.456701,306203.800780
733,0.009072,314410.372954,0.000000,303251.128623,303156.862540,-85520.955313,306203.800780
734,0.009076,314400.768455,0.000000,303251.128623,303156.862540,63066.466716,306203.800780
735,0.009080,314391.369206,327293.137365,303251.128623,303156.862540,138058.128643,306203.800780
736,0.009146,314233.450613,0.000000,303251.128623,303156.862540,-116594.357358,306203.800780
737,0.009166,314186.801995,0.000000,303251.128623,303156.862540,77204.575248,306203.800780
738,0.009204,314096.898601,0.000000,303251.128623,303156.862540,44145.159023,306203.800780
739,0.009248,313991.619132,0.000000,303251.128623,303156.862540,-20345.231794,306203.800780
740,0.009256,313971.503751,0.000000,303251.128623,303156.862540,24670.134741,306203.800780
741,0.009258,313966.683476,0.000000,303251.128623,303156.862540,-50362.327085,306203.800780
742,0.009308,313847.828686,0.000000,303251.128623,303156.862540,71611.441463,306203.800780
743,0.009317,313826.697030,0.000000,303251.128623,303156.862540,73451.937631,306203.800780
744,0.009439,313535.849863,0.000000,303251.128623,303156.862540,-157773.561595,306203.800780
745,0.009473,313454.030374,0.000000,303251.128623,303156.862540,-211920.184321,306203.800780
746,0.009570,313222.588671,0.000000,303251.128623,303156.862540,-110467.812953,306203.800780
747,0.009578,313202.674366,0.000000,303251.128623,303156.862540,-261446.843670,306203.800780
748,0.009586,313182.258377,0.000000,303251.128623,303156.862540,-289820.017286,306203.800780
749,0.009595,313160.768253,327291.509183,303251.128623,303156.862540,304431.191374,306203.800780
750,0.009618,313106.397758,0.000000,303251.128623,303156.862540,-65733.242443,306203.800780
751,0.009640,313054.018921,0.000000,303251.128623,303156.862540,38883.424004,306203.800780
752,0.009642,313049.678533,0.000000,303251.128623,303156.862540,34697.165628,306203.800780
753,0.009757,312773.179030,0.000000,303251.128623,303156.862540,-53714.077359,306203.800780
754,0.009806,312656.172178,0.000000,303251.128623,303156.862540,5568.016215,306203.800780
755,0.009811,312642.434122,0.000000,303251.128623,303156.862540,7821.127081,306203.800780
756,0.009951,312305.795828,327290.386639,303251.128623,303156.862540,-36229.527245,306203.800780
757,0.009953,312301.760461,0.000000,303251.128623,303156.862540,134037.257690,306203.800780
758,0.010012,312159.231838,0.000000,303251.128623,303156.862540,-153405.489978,306203.800780
759,0.010085,311981.716721,0.000000,303251.128623,303156.862540,-83090.887022,306203.800780
760,0.010119,311900.772988,0.000000,303251.128623,303156.862540,-179078.651892,306203.800780
761,0.010164,311791.820815,0.000000,303251.128623,303156.862540,-147864.678406,306203.800780
762,0.010170,311777.224110,0.000000,303251.128623,303156.862540,153325.958778,306203.800780
763,0.010197,311711.500888,327289.610487,303251.128623,303156.862540,12818.008422,306203.800780
764,0.010229,311632.461213,0.000000,303251.128623,303156.862540,253570.739670,306203.800780
765,0.010248,311587.107050,0.000000,303251.128623,303156.862540,-98441.158050,306203.800780
766,0.010321,311409.092871,0.000000,303251.128623,303156.862540,-140762.372712,306203.800780
767,0.010329,311391.402331,0.000000,303251.128623,303156.862540,4462.430744,306203.800780
768,0.010366,311300.202984,0.000000,303251.128623,303156.862540,57854.939904,306203.800780
769,0.010377,311273.820098,0.000000,303251.128623,303156.862540,-161538.728262,306203.800780
770,0.010426,311154.654084,327288.886293,303251.128623,303156.862540,-8800.291876,306203.800780
771,0.010436,311129.579067,0.000000,303251.128623,303156.862540,77508.829862,306203.800780
772,0.010486,311010.126955,0.000000,303251.128623,303156.862540,-68598.765132,306203.800780
773,0.010517,310933.809342,0.000000,303251.128623,303156.862540,254598.075077,306203.800780
774,0.010552,310848.694094,0.000000,303251.128623,303156.862540,-7753.519291,306203.800780
775,0.010601,310729.444993,0.000000,303251.128623,303156.862540,90919.427228,306203.800780
776,0.010628,310662.469010,0.000000,303251.128623,303156.862540,-88781.971258,306203.800780
777,0.010796,310253.035312,0.000000,303251.128623,303156.862540,-116517.052750,306203.800780
778,0.010799,310244.733037,0.000000,303251.128623,303156.862540,-84150.603968,306203.800780
779,0.010814,310207.294979,0.000000,303251.128623,303156.862540,-2046.286724,306203.800780
780,0.010843,310136.080785,0.000000,303251.128623,303156.862540,39697.933534,306203.800780
781,0.010864,310085.138198,0.000000,303251.128623,303156.862540,-29074.254594,306203.800780
782,0.010876,310056.943766,0.000000,303251.128623,303156.862540,-23880.688220,306203.800780
783,0.010913,309965.684226,0.000000,303251.128623,303156.862540,-150261.497230,306203.800780
784,0.010926,309932.955602,0.000000,303251.128623,303156.862540,176264.820074,306203.800780
785,0.010982,309795.886632,0.000000,303251.128623,303156.862540,-66164.227850,306203.800780
786,0.010993,309767.568449,0.000000,303251.128623,303156.862540,-72160.757521,306203.800780
787,0.011045,309639.767489,0.000000,303251.128623,303156.862540,-221985.091265,306203.800780
788,0.011048,309632.665866,327286.921800,303251.128623,303156.862540,-112752.692336,306203.800780
789,0.011141,309405.458347,0.000000,303251.128623,303156.862540,22910.739171,306203.800780
790,0.011152,309377.447428,0.000000,303251.128623,303156.862540,23656.528739,306203.800780
791,0.011173,309325.105554,0.000000,303251.128623,303156.862540,-157966.051230,306203.800780
792,0.011174,309322.374615,0.000000,303251.128623,303156.862540,-263512.011621,306203.800780
793,0.011254,309125.563081,327286.272054,303251.128623,303156.862540,113555.922550,306203.800780
794,0.011257,309118.716709,0.000000,303251.128623,303156.862540,-91283.467847,306203.800780
795,0.011261,309108.409235,0.000000,303251.128623,303156.862540,-151170.319262,306203.800780
796,0.011277,309069.622069,327286.200523,303251.128623,303156.862540,-56932.229987,306203.800780
797,0.011288,309042.678497,327286.166081,303251.128623,303156.862540,-119277.345911,306203.800780
798,0.011339,308914.570669,0.000000,303251.128623,303156.862540,-68412.004236,306203.800780
799,0.011362,308858.160365,0.000000,303251.128623,303156.862540,-76941.684386,306203.800780
800,0.011472,308587.630410,0.000000,303251.128623,303156.862540,30163.282415,306203.800780
801,0.011486,308551.260678,0.000000,303251.128623,303156.862540,-122156.529528,306203.800780
802,0.011538,308422.117369,0.000000,303251.128623,303156.862540,-153409.408098,306203.800780
803,0.011552,308388.993732,0.000000,303251.128623,303156.862540,-126635.451762,306203.800780
804,0.011605,308256.422778,0.000000,303251.128623,303156.862540,-183505.075401,306203.800780
805,0.011677,308078.467452,0.000000,303251.128623,303156.862540,36465.662324,306203.800780
806,0.011678,308075.221988,0.000000,303251.128623,303156.862540,-44773.258726,306203.800780
807,0.011678,308074.782482,0.000000,303251.128623,303156.862540,-419700.422931,306203.800780
808,0.011709,307998.228870,0.000000,303251.128623,303156.862540,-51975.315240,306203.800780
809,0.011785,307808.874475,0.000000,303251.128623,303156.862540,-82422.975836,306203.800780
810,0.011791,307794.604741,0.000000,303251.128623,303156.862540,132780.085042,306203.800780
811,0.011828,307700.181417,0.000000,303251.128623,303156.862540,6599.849050,306203.800780
812,0.011831,307693.867054,0.000000,303251.128623,303156.862540,-63401.793635,306203.800780
813,0.011847,307653.523228,0.000000,303251.128623,303156.862540,65800.225153,306203.800780
814,0.011885,307558.656519,0.000000,303251.128623,303156.862540,-32840.347240,306203.800780
815,0.011887,307555.012517,0.000000,303251.128623,303156.862540,90390.659420,306203.800780
816,0.011910,307495.785907,327284.199824,303251.128623,303156.862540,69088.134096,306203.800780
817,0.011927,307453.023313,0.000000,303251.128623,303156.862540,-171330.657401,306203.800780
818,0.012025,307208.186848,0.000000,303251.128623,303156.862540,176184.527728,306203.800780
819,0.012054,307137.302752,0.000000,303251.128623,303156.862540,-322514.900501,306203.800780
820,0.012096,307029.952671,0.000000,303251.128623,303156.862540,-29167.352155,306203.800780
821,0.012099,307022.892450,0.000000,303251.128623,303156.862540,210930.111380,306203.800780
822,0.012121,306969.180110,0.000000,303251.128623,303156.862540,176782.333881,306203.800780
823,0.012160,306869.334108,0.000000,303251.128623,303156.862540,3364.594574,306203.800780
824,0.012184,306809.395469,0.000000,303251.128623,303156.862540,162858.804195,306203.800780
825,0.012223,306711.893307,327283.211705,303251.128623,303156.862540,197459.293779,306203.800780
826,0.012242,306664.197894,0.000000,303251.128623,303156.862540,93702.983181,306203.800780
827,0.012254,306635.430338,0.000000,303251.128623,303156.862540,-209250.373186,306203.800780
828,0.012267,306600.716851,0.000000,303251.128623,303156.862540,154244.083005,306203.800780
829,0.012342,306413.699437,0.000000,303251.128623,303156.862540,-52702.136997,306203.800780
830,0.012429,306192.916142,0.000000,303251.128623,303156.862540,-6612.159532,306203.800780
831,0.012456,306125.098073,0.000000,303251.128623,303156.862540,-117659.809034,306203.800780
832,0.012502,306008.609213,0.000000,303251.128623,303156.862540,-218416.784923,306203.800780
833,0.012508,305993.348290,0.000000,303251.128623,303156.862540,-8895.132783,306203.800780
834,0.012528,305942.803970,0.000000,303251.128623,303156.862540,56565.391377,306203.800780
835,0.012628,305691.749585,0.000000,303251.128623,303156.862540,-29074.908851,306203.800780
836,0.012667,305592.641751,0.000000,303251.128623,303156.862540,-182882.244373,306203.800780
837,0.012706,305494.019111,0.000000,303251.128623,303156.862540,-60168.058737,306203.800780
838,0.012841,305151.433877,0.000000,303251.128623,303156.862540,56881.112047,306203.800780
839,0.012923,304942.650535,327281.001691,303251.128623,303156.862540,-49266.409930,306203.800780
840,0.012924,304939.748186,0.000000,303251.128623,303156.862540,-1895.788993,306203.800780
841,0.012967,304831.603936,0.000000,303251.128623,303156.862540,6891.818148,306203.800780
842,0.012970,304822.136070,327280.852159,303251.128623,303156.862540,-124696.978876,306203.800780
843,0.013028,304674.730410,0.000000,303251.128623,303156.862540,-58342.258855,306203.800780
844,0.013158,304343.405951,0.000000,303251.128623,303156.862540,-111001.041476,306203.800780
845,0.013247,304115.200109,0.000000,303251.128623,303156.862540,-88480.693246,306203.800780
846,0.013302,303974.430878,0.000000,303251.128623,303156.862540,122282.885651,306203.800780
847,0.013355,303838.562410,0.000000,303251.128623,303156.862540,-152849.003698,306203.800780
848,0.013381,303772.107694,0.000000,303251.128623,303156.862540,130537.465098,306203.800780
849,0.013450,303596.480678,0.000000,303251.128623,303156.862540,-195657.980386,306203.800780
850,0.013450,303594.576304,0.000000,303251.128623,303156.862540,51084.860419,306203.800780
851,0.013551,303336.451575,0.000000,303251.128623,303156.862540,26359.212577,306203.800780
852,0.013673,303022.064829,0.000000,303251.128623,303156.862540,-142617.040115,306203.800780
853,0.013710,302926.009746,0.000000,303251.128623,303156.862540,217856.082595,306203.800780
854,0.013733,302865.562475,0.000000,303251.128623,303156.862540,-127284.822493,306203.800780
855,0.013781,302742.068194,0.000000,303251.128623,303156.862540,87163.401483,306203.800780
856,0.013854,302553.483122,0.000000,303251.128623,303156.862540,9167.731818,306203.800780
857,0.013870,302513.555400,0.000000,303251.128623,303156.862540,33739.815086,306203.800780
858,0.013871,302508.982253,0.000000,303251.128623,303156.862540,50313.853576,306203.800780
859,0.013880,302487.302236,0.000000,303251.128623,303156.862540,69932.159363,306203.800780
860,0.013897,302443.532097,0.000000,303251.128623,303156.862540,-127885.881439,306203.800780
861,0.013937,302338.450211,0.000000,303251.128623,303156.862540,-134519.999589,306203.800780
862,0.013951,302302.646864,0.000000,303251.128623,303156.862540,131342.588095,306203.800780
863,0.013956,302290.343514,0.000000,303251.128623,303156.862540,-104270.003712,306203.800780
864,0.013963,302272.745118,0.000000,303251.128623,303156.862540,77736.766204,306203.800780
865,0.013984,302217.399779,0.000000,303251.128623,303156.862540,92036.590027,306203.800780
866,0.014011,302146.049172,0.000000,303251.128623,303156.862540,-114667.065668,306203.800780
867,0.014056,302030.445038,0.000000,303251.128623,303156.862540,-192144.482075,306203.800780
868,0.014187,301688.937157,0.000000,303251.128623,303156.862540,111290.406478,306203.800780
869,0.014255,301511.425571,0.000000,303251.128623,303156.862540,-308703.159415,306203.800780
870,0.014317,301350.273074,0.000000,303251.128623,303156.862540,36443.519349,306203.800780
871,0.014328,301322.068882,0.000000,303251.128623,303156.862540,15072.190826,306203.800780
872,0.014470,300952.281109,0.000000,303251.128623,303156.862540,-162577.874455,306203.800780
873,0.014580,300661.858735,0.000000,303251.128623,303156.862540,-91508.665988,306203.800780
874,0.014585,300649.818618,0.000000,303251.128623,303156.862540,88346.248654,306203.800780
875,0.014633,300522.634534,0.000000,303251.128623,303156.862540,-90137.879270,306203.800780
876,0.014681,300398.079634,0.000000,303251.128623,303156.862540,68098.629413,306203.800780
877,0.014694,300362.762844,0.000000,303251.128623,303156.862540,87955.365202,306203.800780
878,0.014696,300357.444397,0.000000,303251.128623,303156.862540,153754.330810,306203.800780
879,0.014703,300340.195006,0.000000,303251.128623,303156.862540,98517.474013,306203.800780
880,0.014714,300311.869493,0.000000,303251.128623,303156.862540,-243038.149849,306203.800780
881,0.014714,300310.643667,0.000000,303251.128623,303156.862540,-271513.989385,306203.800780
882,0.014789,300114.129185,0.000000,303251.128623,303156.862540,-67704.307429,306203.800780
883,0.014799,300086.489692,0.000000,303251.128623,303156.862540,-319579.949444,306203.800780
884,0.014825,300018.838024,0.000000,303251.128623,303156.862540,-1595.323610,306203.800780
885,0.014848,299957.330957,327274.920471,303251.128623,303156.862540,-102860.746305,306203.800780
886,0.014960,299663.386031,327274.568467,303251.128623,303156.862540,-4323.796953,306203.800780
887,0.015008,299535.550654,0.000000,303251.128623,303156.862540,-142902.200152,306203.800780
888,0.015045,299438.075716,0.000000,303251.128623,303156.862540,65460.307290,306203.800780
889,0.015079,299348.542891,0.000000,303251.128623,303156.862540,84231.644804,306203.800780
890,0.015084,299335.899751,0.000000,303251.128623,303156.862540,-173846.580835,306203.800780
891,0.015112,299260.978118,0.000000,303251.128623,303156.862540,88339.075448,306203.800780
892,0.015146,299170.867610,0.000000,303251.128623,303156.862540,-17562.886436,306203.800780
893,0.015171,299103.986252,327273.900552,303251.128623,303156.862540,-105700.616975,306203.800780
894,0.015233,298941.351321,0.000000,303251.128623,303156.862540,-42017.239538,306203.800780
895,0.015253,298887.629054,0.000000,303251.128623,303156.862540,54505.070218,306203.800780
896,0.015277,298822.626240,0.000000,303251.128623,303156.862540,211991.017934,306203.800780
897,0.015368,298580.949732,0.000000,303251.128623,303156.862540,173482.102497,306203.800780
898,0.015477,298292.028403,0.000000,303251.128623,303156.862540,377385.280743,306203.800780
899,0.015521,298174.032734,0.000000,303251.128623,303156.862540,-96000.884722,306203.800780
900,0.015581,298013.524393,0.000000,303251.128623,303156.862540,51125.310841,306203.800780
901,0.015677,297756.820392,327272.302596,303251.128623,303156.862540,-51300.778382,306203.800780
902,0.015696,297707.293900,0.000000,303251.128623,303156.862540,81532.626201,306203.800780
903,0.015708,297673.493603,0.000000,303251.128623,303156.862540,-141540.279863,306203.800780
904,0.015769,297512.187613,0.000000,303251.128623,303156.862540,-69538.675009,306203.800780
905,0.015828,297353.624389,0.000000,303251.128623,303156.862540,-84871.322991,306203.800780
906,0.015840,297320.624127,0.000000,303251.128623,303156.862540,-82972.568048,306203.800780
907,0.015867,297247.539448,0.000000,303251.128623,303156.862540,10708.675336,306203.800780
908,0.015883,297206.240369,0.000000,303251.128623,303156.862540,-177846.754986,306203.800780
909,0.015968,296975.870214,0.000000,303251.128623,303156.862540,188138.221162,306203.800780
910,0.015997,296900.030686,0.000000,303251.128623,303156.862540,2228.134943,306203.800780
911,0.016000,296890.654707,0.000000,303251.128623,303156.862540,-2672.421059,306203.800780
912,0.016234,296260.270182,0.000000,303251.128623,303156.862540,-277768.871564,306203.800780
913,0.016404,295798.325402,0.000000,303251.128623,303156.862540,-77145.640368,306203.800780
914,0.016793,294739.819797,0.000000,303251.128623,303156.862540,-25953.559902,306203.800780
915,0.016844,294602.543571,0.000000,303251.128623,303156.862540,-76147.552717,306203.800780
916,0.016918,294397.549843,0.000000,303251.128623,303156.862540,-89848.389842,306203.800780
917,0.016945,294324.600595,0.000000,303251.128623,303156.862540,71812.725876,306203.800780
918,0.016952,294304.661849,0.000000,303251.128623,303156.862540,51364.401810,306203.800780
919,0.017003,294166.453430,0.000000,303251.128623,303156.862540,35390.172156,306203.800780
920,0.017142,293784.458435,0.000000,303251.128623,303156.862540,34405.328339,306203.800780
921,0.017221,293568.081847,0.000000,303251.128623,303156.862540,-13224.274445,306203.800780
922,0.017249,293488.701249,0.000000,303251.128623,303156.862540,91856.280633,306203.800780
923,0.017258,293464.462498,0.000000,303251.128623,303156.862540,-17838.049916,306203.800780
924,0.017283,293397.110145,0.000000,303251.128623,303156.862540,-25777.531873,306203.800780
925,0.017347,293220.179018,327267.028515,303251.128623,303156.862540,214048.856986,306203.800780
926,0.017356,293193.881109,327266.998414,303251.128623,303156.862540,131498.071372,306203.800780
927,0.017535,292698.703511,0.000000,303251.128623,303156.862540,-11693.737807,306203.800780
928,0.017610,292493.204548,0.000000,303251.128623,303156.862540,1179.033717,306203.800780
929,0.017681,292294.145399,327265.971779,303251.128623,303156.862540,-138142.020007,306203.800780
930,0.017776,292030.069699,327265.671639,303251.128623,303156.862540,111237.982223,306203.800780
931,0.018090,291154.864881,0.000000,303251.128623,303156.862540,-155613.828652,306203.800780
932,0.018091,291153.028774,0.000000,303251.128623,303156.862540,230356.150689,306203.800780
933,0.018107,291105.812652,327264.625350,303251.128623,303156.862540,79485.425726,306203.800780
934,0.018177,290912.385577,0.000000,303251.128623,303156.862540,11603.296027,306203.800780
935,0.018365,290383.476279,0.000000,303251.128623,303156.862540,-31469.466130,306203.800780
936,0.018470,290088.391148,0.000000,303251.128623,303156.862540,48169.875182,306203.800780
937,0.018595,289734.990086,0.000000,303251.128623,303156.862540,11815.605472,306203.800780
938,0.018689,289468.386375,0.000000,303251.128623,303156.862540,-302620.238320,306203.800780
939,0.018891,288895.102256,0.000000,303251.128623,303156.862540,-123851.665183,306203.800780
940,0.018902,288864.623752,0.000000,303251.128623,303156.862540,113773.892294,306203.800780
941,0.018951,288726.623372,0.000000,303251.128623,303156.862540,-72417.761530,306203.800780
942,0.018955,288714.953862,0.000000,303251.128623,303156.862540,-153848.829987,306203.800780
943,0.019033,288492.776972,0.000000,303251.128623,303156.862540,120943.955940,306203.800780
944,0.019040,288471.551844,0.000000,303251.128623,303156.862540,133837.280273,306203.800780
945,0.019184,288060.490947,0.000000,303251.128623,303156.862540,-328481.067838,306203.800780
946,0.019258,287848.404839,0.000000,303251.128623,303156.862540,-27492.387682,306203.800780
947,0.019302,287722.709837,0.000000,303251.128623,303156.862540,-62305.952367,306203.800780
948,0.019436,287339.419411,0.000000,303251.128623,303156.862540,-88187.978532,306203.800780
949,0.019438,287334.572932,0.000000,303251.128623,303156.862540,-212597.684624,306203.800780
950,0.019498,287162.170412,0.000000,303251.128623,303156.862540,-135052.220366,306203.800780
951,0.019528,287074.535381,0.000000,303251.128623,303156.862540,-112319.048700,306203.800780
952,0.019528,287074.113022,0.000000,303251.128623,303156.862540,-155027.700041,306203.800780
953,0.019547,287019.834784,0.000000,303251.128623,303156.862540,42064.921571,306203.800780
954,0.019560,286981.758352,0.000000,303251.128623,303156.862540,85013.472317,306203.800780
955,0.019613,286831.108068,0.000000,303251.128623,303156.862540,-2996.138654,306203.800780
956,0.019650,286723.407965,0.000000,303251.128623,303156.862540,125368.315842,306203.800780
957,0.019673,286658.440398,0.000000,303251.128623,303156.862540,-271067.232406,306203.800780
958,0.019834,286193.190839,0.000000,303251.128623,303156.862540,-134105.048719,306203.800780
959,0.019942,285879.200405,0.000000,303251.128623,303156.862540,-57561.000276,306203.800780
960,0.020012,285675.878919,0.000000,303251.128623,303156.862540,-23891.620379,306203.800780
961,0.020020,285652.935063,0.000000,303251.128623,303156.862540,-3507.592902,306203.800780
962,0.020052,285559.561835,0.000000,303251.128623,303156.862540,70190.693353,306203.800780
963,0.020268,284931.356633,327257.799007,303251.128623,303156.862540,46693.271724,306203.800780
964,0.020680,283725.524529,0.000000,303251.128623,303156.862540,61218.266030,306203.800780
965,0.020689,283698.902055,0.000000,303251.128623,303156.862540,-180517.216477,306203.800780
966,0.020729,283579.642057,327256.341484,303251.128623,303156.862540,64864.052130,306203.800780
967,0.020944,282946.217540,0.000000,303251.128623,303156.862540,30056.566566,306203.800780
968,0.021068,282579.609777,0.000000,303251.128623,303156.862540,-45272.225241,306203.800780
969,0.021266,281992.617433,0.000000,303251.128623,303156.862540,-37619.735542,306203.800780
970,0.021323,281822.916092,0.000000,303251.128623,303156.862540,-13987.188167,306203.800780
971,0.021361,281707.765106,0.000000,303251.128623,303156.862540,12444.114846,306203.800780
972,0.021777,280464.164268,0.000000,303251.128623,303156.862540,-99409.299001,306203.800780
973,0.021799,280396.386296,0.000000,303251.128623,303156.862540,-182659.447669,306203.800780
974,0.021830,280304.340865,327252.862960,303251.128623,303156.862540,-229514.235200,306203.800780
975,0.021839,280277.527608,0.000000,303251.128623,303156.862540,-146747.291206,306203.800780
976,0.021915,280049.340383,0.000000,303251.128623,303156.862540,-20183.127965,306203.800780
977,0.021918,280039.331453,0.000000,303251.128623,303156.862540,-19598.529054,306203.800780
978,0.022048,279647.740788,0.000000,303251.128623,303156.862540,-30737.682036,306203.800780
979,0.022135,279383.330446,0.000000,303251.128623,303156.862540,-113747.855296,306203.800780
980,0.022139,279373.425232,0.000000,303251.128623,303156.862540,28809.005914,306203.800780
981,0.022275,278959.322676,0.000000,303251.128623,303156.862540,-270504.143360,306203.800780
982,0.022339,278767.239033,327251.255956,303251.128623,303156.862540,-23793.141360,306203.800780
983,0.022431,278485.850829,327250.963506,303251.128623,303156.862540,210990.843822,306203.800780
984,0.022754,277500.528892,0.000000,303251.128623,303156.862540,-69075.906939,306203.800780
985,0.022944,276916.866248,0.000000,303251.128623,303156.862540,-67560.908776,306203.800780
986,0.023209,276098.491069,0.000000,303251.128623,303156.862540,133100.602847,306203.800780
987,0.023915,273902.937118,0.000000,303251.128623,303156.862540,17955.704099,306203.800780
988,0.024381,272432.660356,0.000000,303251.128623,303156.862540,127619.708790,306203.800780
989,0.024404,272360.025835,0.000000,303251.128623,303156.862540,-164197.838649,306203.800780
990,0.024503,272047.522935,0.000000,303251.128623,303156.862540,99252.239728,306203.800780
991,0.024565,271850.727254,0.000000,303251.128623,303156.862540,-100601.177767,306203.800780
992,0.025035,270349.189213,0.000000,303251.128623,303156.862540,-66039.009176,306203.800780
993,0.025049,270305.621129,0.000000,303251.128623,303156.862540,17628.999546,306203.800780
994,0.025375,269254.512359,0.000000,303251.128623,303156.862540,117064.007515,306203.800780
995,0.025376,269253.430720,0.000000,303251.128623,303156.862540,-128138.300307,306203.800780
996,0.026734,264801.892440,0.000000,303251.128623,303156.862540,-127823.380229,306203.800780
997,0.026876,264330.122415,0.000000,303251.128623,303156.862540,-88447.744910,306203.800780
998,0.027476,262315.985626,0.000000,303251.128623,303156.862540,223157.312356,306203.800780
999,0.030811,250636.106219,0.000000,303251.128623,303156.862540,-142080.269487,306203.800780
