#Sample,Regressor_0_NPV,RegressionDIM,LocalDIM,ExpectedDIM,ZeroOrderDIM,DeltaNPV,SimpleDIM
0,-3793076.500000,245936.592490,0.000000,303233.029173,303156.862540,-142080.269487,306203.800780
1,-3384587.500000,259189.302423,0.000000,303233.029173,303156.862540,223157.312356,306203.800780
2,-3320891.500000,261136.402391,0.000000,303233.029173,303156.862540,-127823.380229,306203.800780
3,-3293622.750000,261960.711344,0.000000,303233.029173,303156.862540,-88447.744910,306203.800780
4,-3157683.250000,265989.341032,0.000000,303233.029173,303156.862540,-128138.300307,306203.800780
5,-3137879.500000,266565.244635,0.000000,303233.029173,303156.862540,117064.007515,306203.800780
6,-3122270.500000,267017.230172,0.000000,303233.029173,303156.862540,99252.239728,306203.800780
7,-3119023.750000,267111.032289,0.000000,303233.029173,303156.862540,-66039.009176,306203.800780
8,-3118406.000000,267128.871460,0.000000,303233.029173,303156.862540,17628.999546,306203.800780
9,-3086754.250000,268039.364936,0.000000,303233.029173,303156.862540,-100601.177767,306203.800780
10,-3059542.500000,268816.629219,0.000000,303233.029173,303156.862540,127619.708790,306203.800780
11,-3038646.750000,269410.058481,0.000000,303233.029173,303156.862540,-164197.838649,306203.800780
12,-2995201.000000,270634.456923,0.000000,303233.029173,303156.862540,17955.704099,306203.800780
13,-2904502.250000,273150.117877,0.000000,303233.029173,303156.862540,-67560.908776,306203.800780
14,-2876660.750000,273911.554447,0.000000,303233.029173,303156.862540,210990.843822,306203.800780
15,-2864464.750000,274243.527412,0.000000,303233.029173,303156.862540,-69075.906939,306203.800780
16,-2851603.000000,274592.587784,0.000000,303233.029173,303156.862540,-270504.143360,306203.800780
17,-2851024.500000,274608.263049,0.000000,303233.029173,303156.862540,133100.602847,306203.800780
18,-2794541.250000,276128.509943,0.000000,303233.029173,303156.862540,-30737.682036,306203.800780
19,-2790557.000000,276234.984756,0.000803,303233.029173,303156.862540,-23793.141360,306203.800780
20,-2783793.750000,276415.497171,0.000000,303233.029173,303156.862540,-99409.299001,306203.800780
21,-2779582.250000,276527.758006,0.000000,303233.029173,303156.862540,-182659.447669,306203.800780
22,-2773375.000000,276693.014723,0.000000,303233.029173,303156.862540,28809.005914,306203.800780
23,-2766041.500000,276887.945546,0.000000,303233.029173,303156.862540,-20183.127965,306203.800780
24,-2753906.250000,277209.774744,0.000000,303233.029173,303156.862540,-146747.291206,306203.800780
25,-2744228.500000,277465.774476,0.000000,303233.029173,303156.862540,-113747.855296,306203.800780
26,-2739058.000000,277602.308628,0.000000,303233.029173,303156.862540,-229514.235200,306203.800780
27,-2731328.500000,277806.108256,0.000000,303233.029173,303156.862540,-19598.529054,306203.800780
28,-2700086.500000,278626.098988,0.000000,303233.029173,303156.862540,12444.114846,306203.800780
29,-2696952.250000,278708.031262,0.000000,303233.029173,303156.862540,-45272.225241,306203.800780
30,-2679326.250000,279167.674421,0.000000,303233.029173,303156.862540,-13987.188167,306203.800780
31,-2639218.750000,280206.550457,0.000000,303233.029173,303156.862540,61218.266030,306203.800780
32,-2639198.750000,280207.066079,0.000000,303233.029173,303156.862540,64864.052130,306203.800780
33,-2631524.500000,280404.739272,0.000000,303233.029173,303156.862540,30056.566566,306203.800780
34,-2620792.750000,280680.574641,0.000000,303233.029173,303156.862540,-37619.735542,306203.800780
35,-2581380.250000,281687.683469,0.000000,303233.029173,303156.862540,-180517.216477,306203.800780
36,-2578451.750000,281762.147107,0.001606,303233.029173,303156.862540,46693.271724,306203.800780
37,-2573755.000000,281881.466486,0.000000,303233.029173,303156.862540,-3507.592902,306203.800780
38,-2526765.750000,283068.062579,0.000000,303233.029173,303156.862540,-2996.138654,306203.800780
39,-2499091.500000,283760.866299,0.000000,303233.029173,303156.862540,-57561.000276,306203.800780
40,-2497401.500000,283803.030067,0.000000,303233.029173,303156.862540,-23891.620379,306203.800780
41,-2492805.000000,283917.624382,0.000000,303233.029173,303156.862540,-134105.048719,306203.800780
42,-2479688.250000,284243.963689,0.000000,303233.029173,303156.862540,70190.693353,306203.800780
43,-2465238.500000,284602.319559,0.000000,303233.029173,303156.862540,-27492.387682,306203.800780
44,-2461751.000000,284688.630269,0.000000,303233.029173,303156.862540,-112319.048700,306203.800780
45,-2460070.500000,284730.195358,0.000000,303233.029173,303156.862540,85013.472317,306203.800780
46,-2460052.250000,284730.646660,0.000000,303233.029173,303156.862540,42064.921571,306203.800780
47,-2456525.500000,284817.823439,0.000000,303233.029173,303156.862540,125368.315842,306203.800780
48,-2450626.500000,284963.479966,0.000000,303233.029173,303156.862540,-271067.232406,306203.800780
49,-2440874.750000,285203.831148,0.000000,303233.029173,303156.862540,-62305.952367,306203.800780
50,-2423852.250000,285622.084791,0.000000,303233.029173,303156.862540,-123851.665183,306203.800780
51,-2421673.000000,285675.511328,0.000000,303233.029173,303156.862540,-155027.700041,306203.800780
52,-2417437.250000,285779.277931,0.000000,303233.029173,303156.862540,-212597.684624,306203.800780
53,-2416689.500000,285797.585597,0.000000,303233.029173,303156.862540,-153848.829987,306203.800780
54,-2413512.500000,285875.334881,0.000000,303233.029173,303156.862540,133837.280273,306203.800780
55,-2409565.750000,285971.842258,0.000000,303233.029173,303156.862540,-88187.978532,306203.800780
56,-2400717.500000,286187.882620,0.000000,303233.029173,303156.862540,120943.955940,306203.800780
57,-2396070.750000,286301.161310,0.000000,303233.029173,303156.862540,-135052.220366,306203.800780
58,-2391176.750000,286420.335779,0.000000,303233.029173,303156.862540,-328481.067838,306203.800780
59,-2372177.000000,286881.724001,0.000000,303233.029173,303156.862540,113773.892294,306203.800780
60,-2341487.750000,287622.708211,0.000000,303233.029173,303156.862540,11815.605472,306203.800780
61,-2340155.500000,287654.756086,0.000000,303233.029173,303156.862540,-72417.761530,306203.800780
62,-2334858.750000,287782.074187,0.000000,303233.029173,303156.862540,-302620.238320,306203.800780
63,-2329995.750000,287898.829013,0.000000,303233.029173,303156.862540,79485.425726,306203.800780
64,-2318499.500000,288174.318873,0.000000,303233.029173,303156.862540,-31469.466130,306203.800780
65,-2313691.250000,288289.324199,0.000000,303233.029173,303156.862540,11603.296027,306203.800780
66,-2279173.000000,289111.202296,0.000000,303233.029173,303156.862540,48169.875182,306203.800780
67,-2250131.000000,289797.632720,0.000000,303233.029173,303156.862540,230356.150689,306203.800780
68,-2242618.750000,289974.442498,0.000000,303233.029173,303156.862540,-155613.828652,306203.800780
69,-2231960.500000,290224.771541,0.000000,303233.029173,303156.862540,-17838.049916,306203.800780
70,-2231644.750000,290232.178133,0.000000,303233.029173,303156.862540,214048.856986,306203.800780
71,-2227190.250000,290336.610460,0.000000,303233.029173,303156.862540,-138142.020007,306203.800780
72,-2221926.250000,290459.882543,0.000000,303233.029173,303156.862540,111237.982223,306203.800780
73,-2209535.250000,290749.463792,0.000000,303233.029173,303156.862540,131498.071372,306203.800780
74,-2204804.000000,290859.816177,0.000000,303233.029173,303156.862540,-13224.274445,306203.800780
75,-2202633.000000,290910.412590,0.000000,303233.029173,303156.862540,34405.328339,306203.800780
76,-2192541.500000,291145.268357,0.000000,303233.029173,303156.862540,-11693.737807,306203.800780
77,-2163548.750000,291816.971346,0.000000,303233.029173,303156.862540,91856.280633,306203.800780
78,-2163002.750000,291829.577999,0.000000,303233.029173,303156.862540,-25777.531873,306203.800780
79,-2148970.750000,292153.020157,0.000000,303233.029173,303156.862540,1179.033717,306203.800780
80,-2132688.750000,292527.015644,0.000000,303233.029173,303156.862540,-25953.559902,306203.800780
81,-2130157.000000,292585.043538,0.000000,303233.029173,303156.862540,71812.725876,306203.800780
82,-2126046.000000,292679.195799,0.000000,303233.029173,303156.862540,35390.172156,306203.800780
83,-2105314.500000,293152.641456,0.000000,303233.029173,303156.862540,-89848.389842,306203.800780
84,-2099222.250000,293291.340445,0.000000,303233.029173,303156.862540,-76147.552717,306203.800780
85,-2093966.875000,293410.830279,0.000000,303233.029173,303156.862540,51364.401810,306203.800780
86,-2075010.125000,293840.642589,0.000000,303233.029173,303156.862540,-277768.871564,306203.800780
87,-2066226.625000,294039.157449,0.000000,303233.029173,303156.862540,-77145.640368,306203.800780
88,-2052262.750000,294353.926667,0.000000,303233.029173,303156.862540,2228.134943,306203.800780
89,-2046686.125000,294479.350180,0.000000,303233.029173,303156.862540,-2672.421059,306203.800780
90,-2030378.625000,294845.196854,0.000000,303233.029173,303156.862540,-177846.754986,306203.800780
91,-2026730.125000,294926.860047,0.000000,303233.029173,303156.862540,188138.221162,306203.800780
92,-2023407.375000,295001.172315,0.000000,303233.029173,303156.862540,81532.626201,306203.800780
93,-2018310.125000,295115.060083,nan,303233.029173,303156.862540,-51300.778382,306203.800780
94,-1987526.375000,295800.021872,0.000000,303233.029173,303156.862540,10708.675336,306203.800780
95,-1968696.000000,296216.620576,0.000000,303233.029173,303156.862540,-84871.322991,306203.800780
96,-1965975.375000,296276.661537,0.000000,303233.029173,303156.862540,51125.310841,306203.800780
97,-1962376.875000,296356.018286,0.000000,303233.029173,303156.862540,-69538.675009,306203.800780
98,-1953345.000000,296554.905806,0.000000,303233.029173,303156.862540,-141540.279863,306203.800780
99,-1940453.750000,296838.062113,0.000000,303233.029173,303156.862540,-82972.568048,306203.800780
100,-1917718.250000,297335.399032,0.000000,303233.029173,303156.862540,84231.644804,306203.800780
101,-1916145.250000,297369.711827,0.000000,303233.029173,303156.862540,173482.102497,306203.800780
102,-1912008.000000,297459.900695,0.000000,303233.029173,303156.862540,-105700.616975,306203.800780
103,-1905780.125000,297595.501266,0.000000,303233.029173,303156.862540,211991.017934,306203.800780
104,-1904428.375000,297624.907406,0.000000,303233.029173,303156.862540,-4323.796953,306203.800780
105,-1901575.250000,297686.944530,0.000000,303233.029173,303156.862540,-173846.580835,306203.800780
106,-1901180.875000,297695.516437,0.000000,303233.029173,303156.862540,377385.280743,306203.800780
107,-1899298.875000,297736.411751,0.000000,303233.029173,303156.862540,-17562.886436,306203.800780
108,-1884981.875000,298046.934918,0.000000,303233.029173,303156.862540,88339.075448,306203.800780
109,-1884760.125000,298051.736412,0.000000,303233.029173,303156.862540,98517.474013,306203.800780
110,-1884194.750000,298063.977217,0.000000,303233.029173,303156.862540,-1595.323610,306203.800780
111,-1881341.250000,298125.733309,0.000000,303233.029173,303156.862540,-96000.884722,306203.800780
112,-1878538.000000,298186.362268,0.000000,303233.029173,303156.862540,54505.070218,306203.800780
113,-1869536.875000,298380.774319,0.000000,303233.029173,303156.862540,-271513.989385,306203.800780
114,-1866082.500000,298455.276870,nan,303233.029173,303156.862540,-102860.746305,306203.800780
115,-1861384.875000,298556.497994,0.000000,303233.029173,303156.862540,-91508.665988,306203.800780
116,-1857896.375000,298631.594707,0.000000,303233.029173,303156.862540,153754.330810,306203.800780
117,-1850973.500000,298780.443897,0.000000,303233.029173,303156.862540,-67704.307429,306203.800780
118,-1849754.875000,298806.621001,0.000000,303233.029173,303156.862540,65460.307290,306203.800780
119,-1846027.375000,298886.645148,0.000000,303233.029173,303156.862540,15072.190826,306203.800780
120,-1839039.625000,299036.476673,0.000000,303233.029173,303156.862540,68098.629413,306203.800780
121,-1830711.375000,299214.735532,0.000000,303233.029173,303156.862540,-42017.239538,306203.800780
122,-1822366.875000,299392.998450,0.000000,303233.029173,303156.862540,-243038.149849,306203.800780
123,-1791139.000000,300057.074189,0.000000,303233.029173,303156.862540,87955.365202,306203.800780
124,-1790933.750000,300061.423086,0.000000,303233.029173,303156.862540,-162577.874455,306203.800780
125,-1787494.875000,300134.256292,0.000000,303233.029173,303156.862540,-319579.949444,306203.800780
126,-1784561.250000,300196.342852,0.000000,303233.029173,303156.862540,-90137.879270,306203.800780
127,-1781677.500000,300257.332823,0.000000,303233.029173,303156.862540,-142902.200152,306203.800780
128,-1774162.375000,300416.083195,0.000000,303233.029173,303156.862540,-114667.065668,306203.800780
129,-1770753.375000,300488.004364,0.000000,303233.029173,303156.862540,-308703.159415,306203.800780
130,-1760168.000000,300710.967460,0.000000,303233.029173,303156.862540,-134519.999589,306203.800780
131,-1750642.625000,300911.137116,0.000000,303233.029173,303156.862540,88346.248654,306203.800780
132,-1749800.250000,300928.817858,0.000000,303233.029173,303156.862540,111290.406478,306203.800780
133,-1747304.500000,300981.181316,0.000000,303233.029173,303156.862540,87163.401483,306203.800780
134,-1744082.500000,301048.737542,0.000000,303233.029173,303156.862540,9167.731818,306203.800780
135,-1739721.250000,301140.100392,0.000000,303233.029173,303156.862540,-127885.881439,306203.800780
136,-1735930.000000,301219.447523,0.000000,303233.029173,303156.862540,36443.519349,306203.800780
137,-1729804.250000,301347.506340,0.000000,303233.029173,303156.862540,131342.588095,306203.800780
138,-1726071.125000,301425.458291,0.000000,303233.029173,303156.862540,-192144.482075,306203.800780
139,-1725032.125000,301447.141822,0.000000,303233.029173,303156.862540,-127284.822493,306203.800780
140,-1724367.125000,301461.017378,0.000000,303233.029173,303156.862540,217856.082595,306203.800780
141,-1722593.250000,301498.019713,0.000000,303233.029173,303156.862540,-104270.003712,306203.800780
142,-1707819.625000,301805.601831,0.000000,303233.029173,303156.862540,69932.159363,306203.800780
143,-1706690.000000,301829.076964,0.000000,303233.029173,303156.862540,92036.590027,306203.800780
144,-1698345.000000,302002.307106,0.000000,303233.029173,303156.862540,50313.853576,306203.800780
145,-1685450.375000,302269.322950,0.000000,303233.029173,303156.862540,-142617.040115,306203.800780
146,-1681927.500000,302342.134287,0.000000,303233.029173,303156.862540,51084.860419,306203.800780
147,-1677227.500000,302439.182077,0.000000,303233.029173,303156.862540,77736.766204,306203.800780
148,-1676015.750000,302464.185712,0.000000,303233.029173,303156.862540,33739.815086,306203.800780
149,-1667258.500000,302644.676869,0.000000,303233.029173,303156.862540,-88480.693246,306203.800780
150,-1664218.750000,302707.241927,0.000000,303233.029173,303156.862540,-195657.980386,306203.800780
151,-1641762.125000,303168.086495,0.000000,303233.029173,303156.862540,26359.212577,306203.800780
152,-1618128.875000,303650.489958,0.000000,303233.029173,303156.862540,-111001.041476,306203.800780
153,-1617090.000000,303671.634856,0.000000,303233.029173,303156.862540,-58342.258855,306203.800780
154,-1613615.500000,303742.316550,0.000000,303233.029173,303156.862540,-152849.003698,306203.800780
155,-1600214.625000,304014.396525,nan,303233.029173,303156.862540,-49266.409930,306203.800780
156,-1587672.250000,304268.279692,0.000000,303233.029173,303156.862540,-1895.788993,306203.800780
157,-1587095.875000,304279.928912,0.000000,303233.029173,303156.862540,122282.885651,306203.800780
158,-1582764.250000,304367.426238,0.000000,303233.029173,303156.862540,-60168.058737,306203.800780
159,-1579918.625000,304424.858930,0.000000,303233.029173,303156.862540,130537.465098,306203.800780
160,-1569659.125000,304631.609117,0.000000,303233.029173,303156.862540,-124696.978876,306203.800780
161,-1557894.625000,304868.081582,0.000000,303233.029173,303156.862540,6891.818148,306203.800780
162,-1556807.000000,304889.910725,0.000000,303233.029173,303156.862540,-29074.908851,306203.800780
163,-1554332.875000,304939.546995,0.000000,303233.029173,303156.862540,56881.112047,306203.800780
164,-1539488.250000,305236.762470,0.000000,303233.029173,303156.862540,-209250.373186,306203.800780
165,-1537301.750000,305280.453298,0.000000,303233.029173,303156.862540,-8895.132783,306203.800780
166,-1532303.250000,305380.250210,0.000000,303233.029173,303156.862540,176782.333881,306203.800780
167,-1531894.500000,305388.405918,0.000000,303233.029173,303156.862540,-182882.244373,306203.800780
168,-1524246.875000,305540.854337,0.000000,303233.029173,303156.862540,56565.391377,306203.800780
169,-1518952.000000,305646.243786,0.000000,303233.029173,303156.862540,-218416.784923,306203.800780
170,-1494296.750000,306135.273458,0.000000,303233.029173,303156.862540,-117659.809034,306203.800780
171,-1493677.750000,306147.514993,0.000000,303233.029173,303156.862540,-6612.159532,306203.800780
172,-1486542.750000,306288.491384,0.000000,303233.029173,303156.862540,93702.983181,306203.800780
173,-1485645.250000,306306.207960,0.000000,303233.029173,303156.862540,176184.527728,306203.800780
174,-1485471.500000,306309.637342,0.000000,303233.029173,303156.862540,-29167.352155,306203.800780
175,-1484584.125000,306327.149694,0.000000,303233.029173,303156.862540,154244.083005,306203.800780
176,-1484402.625000,306330.731151,0.000000,303233.029173,303156.862540,162858.804195,306203.800780
177,-1480485.500000,306407.989039,0.000000,303233.029173,303156.862540,132780.085042,306203.800780
178,-1479495.375000,306427.506202,nan,303233.029173,303156.862540,197459.293779,306203.800780
179,-1469597.625000,306622.361072,0.000000,303233.029173,303156.862540,-51975.315240,306203.800780
180,-1463638.250000,306739.464974,0.000000,303233.029173,303156.862540,210930.111380,306203.800780
181,-1460799.750000,306795.185254,0.000000,303233.029173,303156.862540,-82422.975836,306203.800780
182,-1457896.750000,306852.133475,0.000000,303233.029173,303156.862540,6599.849050,306203.800780
183,-1449543.500000,307015.784054,0.000000,303233.029173,303156.862540,-52702.136997,306203.800780
184,-1445585.500000,307093.214723,0.000000,303233.029173,303156.862540,-32840.347240,306203.800780
185,-1438063.250000,307240.175773,0.000000,303233.029173,303156.862540,3364.594574,306203.800780
186,-1432094.250000,307356.607410,0.000000,303233.029173,303156.862540,-419700.422931,306203.800780
187,-1430655.250000,307384.652313,0.000000,303233.029173,303156.862540,90390.659420,306203.800780
188,-1428003.250000,307436.312846,0.000000,303233.029173,303156.862540,-322514.900501,306203.800780
189,-1426655.625000,307462.552085,0.000000,303233.029173,303156.862540,-44773.258726,306203.800780
190,-1416492.000000,307660.178972,0.000000,303233.029173,303156.862540,-153409.408098,306203.800780
191,-1410429.000000,307777.847472,0.000000,303233.029173,303156.862540,65800.225153,306203.800780
192,-1410370.125000,307778.989278,0.000000,303233.029173,303156.862540,-171330.657401,306203.800780
193,-1402359.625000,307934.196098,0.000000,303233.029173,303156.862540,36465.662324,306203.800780
194,-1399680.125000,307986.047589,0.000000,303233.029173,303156.862540,-63401.793635,306203.800780
195,-1381824.000000,308330.754697,0.000000,303233.029173,303156.862540,-91283.467847,306203.800780
196,-1381352.000000,308339.846958,0.000000,303233.029173,303156.862540,-157966.051230,306203.800780
197,-1380913.000000,308348.302629,0.000000,303233.029173,303156.862540,-126635.451762,306203.800780
198,-1380690.000000,308352.597546,0.000000,303233.029173,303156.862540,-263512.011621,306203.800780
199,-1379783.625000,308370.051759,0.000000,303233.029173,303156.862540,-56932.229987,306203.800780
200,-1378008.625000,308404.222485,0.000000,303233.029173,303156.862540,-183505.075401,306203.800780
201,-1370488.500000,308548.835589,0.000000,303233.029173,303156.862540,69088.134096,306203.800780
202,-1368821.625000,308580.855320,0.000000,303233.029173,303156.862540,30163.282415,306203.800780
203,-1367453.375000,308607.129278,0.000000,303233.029173,303156.862540,-76941.684386,306203.800780
204,-1357255.375000,308802.691908,0.000000,303233.029173,303156.862540,-68412.004236,306203.800780
205,-1357003.250000,308807.520874,0.000000,303233.029173,303156.862540,-122156.529528,306203.800780
206,-1351878.750000,308905.608835,0.000000,303233.029173,303156.862540,-151170.319262,306203.800780
207,-1351788.375000,308907.337642,0.000000,303233.029173,303156.862540,-72160.757521,306203.800780
208,-1340400.250000,309124.890816,0.000000,303233.029173,303156.862540,22910.739171,306203.800780
209,-1337038.750000,309188.996116,0.000000,303233.029173,303156.862540,-112752.692336,306203.800780
210,-1335841.125000,309211.823129,0.000000,303233.029173,303156.862540,-2046.286724,306203.800780
211,-1333253.625000,309261.119558,nan,303233.029173,303156.862540,-119277.345911,306203.800780
212,-1331255.500000,309299.166852,0.000000,303233.029173,303156.862540,23656.528739,306203.800780
213,-1323241.875000,309451.578872,0.000000,303233.029173,303156.862540,-88781.971258,306203.800780
214,-1322105.125000,309473.175602,0.000000,303233.029173,303156.862540,-29074.254594,306203.800780
215,-1318573.125000,309540.242060,nan,303233.029173,303156.862540,113555.922550,306203.800780
216,-1309352.500000,309715.063154,0.000000,303233.029173,303156.862540,39697.933534,306203.800780
217,-1305492.125000,309788.142501,0.000000,303233.029173,303156.862540,-150261.497230,306203.800780
218,-1292591.375000,310031.880733,0.000000,303233.029173,303156.862540,-116517.052750,306203.800780
219,-1285676.750000,310162.216639,0.000000,303233.029173,303156.862540,90919.427228,306203.800780
220,-1258690.875000,310668.854797,0.000000,303233.029173,303156.862540,-221985.091265,306203.800780
221,-1256208.875000,310715.290662,0.000000,303233.029173,303156.862540,-66164.227850,306203.800780
222,-1255994.625000,310719.297801,0.000000,303233.029173,303156.862540,-84150.603968,306203.800780
223,-1255587.750000,310726.907068,0.000000,303233.029173,303156.862540,4462.430744,306203.800780
224,-1252659.125000,310781.655875,0.000000,303233.029173,303156.862540,-23880.688220,306203.800780
225,-1250804.750000,310816.302693,0.000000,303233.029173,303156.862540,254598.075077,306203.800780
226,-1250192.500000,310827.738535,0.000000,303233.029173,303156.862540,176264.820074,306203.800780
227,-1239138.875000,311033.918379,0.000000,303233.029173,303156.862540,-7753.519291,306203.800780
228,-1235133.375000,311108.498987,0.000000,303233.029173,303156.862540,253570.739670,306203.800780
229,-1233776.125000,311133.754370,0.000000,303233.029173,303156.862540,153325.958778,306203.800780
230,-1232233.875000,311162.442361,0.000000,303233.029173,303156.862540,77508.829862,306203.800780
231,-1231875.875000,311169.100163,0.000000,303233.029173,303156.862540,-161538.728262,306203.800780
232,-1224397.125000,311308.055368,0.000000,303233.029173,303156.862540,-140762.372712,306203.800780
233,-1219229.625000,311403.924146,0.000000,303233.029173,303156.862540,-8800.291876,306203.800780
234,-1216958.875000,311446.014650,0.000000,303233.029173,303156.862540,-68598.765132,306203.800780
235,-1216075.000000,311462.392002,0.000000,303233.029173,303156.862540,-153405.489978,306203.800780
236,-1206308.875000,311643.121152,0.000000,303233.029173,303156.862540,-98441.158050,306203.800780
237,-1205426.375000,311659.431886,0.000000,303233.029173,303156.862540,-83090.887022,306203.800780
238,-1204625.500000,311674.231045,0.000000,303233.029173,303156.862540,7821.127081,306203.800780
239,-1198561.625000,311786.192822,0.000000,303233.029173,303156.862540,57854.939904,306203.800780
240,-1190735.125000,311930.461849,0.000000,303233.029173,303156.862540,-289820.017286,306203.800780
241,-1178684.250000,312152.078217,0.000000,303233.029173,303156.862540,-147864.678406,306203.800780
242,-1156242.750000,312563.095374,0.000000,303233.029173,303156.862540,-53714.077359,306203.800780
243,-1150553.125000,312666.953852,0.000000,303233.029173,303156.862540,5568.016215,306203.800780
244,-1142112.625000,312820.768611,nan,303233.029173,303156.862540,12818.008422,306203.800780
245,-1126707.750000,313100.704132,0.000000,303233.029173,303156.862540,-261446.843670,306203.800780
246,-1126252.750000,313108.956762,0.000000,303233.029173,303156.862540,-20345.231794,306203.800780
247,-1120489.875000,313213.404517,0.000000,303233.029173,303156.862540,-65733.242443,306203.800780
248,-1119469.375000,313231.885392,0.000000,303233.029173,303156.862540,-36229.527245,306203.800780
249,-1118220.750000,313254.491425,0.000000,303233.029173,303156.862540,-179078.651892,306203.800780
250,-1112820.875000,313352.177476,0.000000,303233.029173,303156.862540,134037.257690,306203.800780
251,-1112365.000000,313360.418705,0.000000,303233.029173,303156.862540,-211920.184321,306203.800780
252,-1112128.750000,313364.689240,0.000000,303233.029173,303156.862540,-157773.561595,306203.800780
253,-1110057.125000,313402.126352,0.000000,303233.029173,303156.862540,-110467.812953,306203.800780
254,-1105311.625000,313487.814509,0.000000,303233.029173,303156.862540,34697.165628,306203.800780
255,-1099230.875000,313597.471472,0.000000,303233.029173,303156.862540,38883.424004,306203.800780
256,-1093794.500000,313695.373740,0.009087,303233.029173,303156.862540,304431.191374,306203.800780
257,-1091626.875000,313734.374588,0.000000,303233.029173,303156.862540,73451.937631,306203.800780
258,-1090888.125000,313747.661896,0.000000,303233.029173,303156.862540,44145.159023,306203.800780
259,-1083735.500000,313876.189537,0.000000,303233.029173,303156.862540,71611.441463,306203.800780
260,-1083232.875000,313885.213115,0.000000,303233.029173,303156.862540,-279556.456701,306203.800780
261,-1080649.625000,313931.572895,0.000000,303233.029173,303156.862540,-116594.357358,306203.800780
262,-1080120.250000,313941.069692,0.000000,303233.029173,303156.862540,24670.134741,306203.800780
263,-1063488.750000,314238.822831,0.000000,303233.029173,303156.862540,-50362.327085,306203.800780
264,-1062571.500000,314255.209958,0.000000,303233.029173,303156.862540,96450.239121,306203.800780
265,-1055077.250000,314388.964059,0.000000,303233.029173,303156.862540,-114138.998867,306203.800780
266,-1048208.125000,314511.351034,0.000000,303233.029173,303156.862540,77204.575248,306203.800780
267,-1045023.250000,314568.027707,0.000000,303233.029173,303156.862540,103892.908885,306203.800780
268,-1042011.250000,314621.588280,0.000000,303233.029173,303156.862540,63066.466716,306203.800780
269,-1040821.312500,314642.737591,0.009087,303233.029173,303156.862540,302739.648628,306203.800780
270,-1037278.062500,314705.677783,0.000000,303233.029173,303156.862540,138058.128643,306203.800780
271,-1015576.000000,315090.018050,0.000000,303233.029173,303156.862540,21710.660557,306203.800780
272,-1015082.687500,315098.731346,0.000000,303233.029173,303156.862540,-85520.955313,306203.800780
273,-1005231.187500,315272.521224,0.000000,303233.029173,303156.862540,157257.141391,306203.800780
274,-1002809.437500,315315.180403,0.000000,303233.029173,303156.862540,141295.060896,306203.800780
275,-985987.000000,315610.825036,0.000000,303233.029173,303156.862540,-91396.537843,306203.800780
276,-985695.437500,315615.938563,0.000000,303233.029173,303156.862540,58873.486591,306203.800780
277,-985149.875000,315625.505872,0.000000,303233.029173,303156.862540,27515.873363,306203.800780
278,-983969.187500,315646.206821,0.000000,303233.029173,303156.862540,-46812.150695,306203.800780
279,-983527.812500,315653.943925,0.000000,303233.029173,303156.862540,-244641.862931,306203.800780
280,-975530.000000,315793.999970,0.000000,303233.029173,303156.862540,-52944.916468,306203.800780
281,-964433.062500,315987.881981,0.000000,303233.029173,303156.862540,-3151.802546,306203.800780
282,-964195.875000,315992.020399,0.000000,303233.029173,303156.862540,-71744.034849,306203.800780
283,-954120.187500,316167.601884,0.000000,303233.029173,303156.862540,13709.293312,306203.800780
284,-950107.937500,316237.401950,0.000000,303233.029173,303156.862540,-115749.516993,306203.800780
285,-943447.500000,316353.123089,0.000000,303233.029173,303156.862540,-116669.291230,306203.800780
286,-942356.812500,316372.055456,0.000000,303233.029173,303156.862540,-105608.593384,306203.800780
287,-936192.250000,316478.967674,0.000000,303233.029173,303156.862540,23103.561720,306203.800780
288,-934179.562500,316513.839408,0.000000,303233.029173,303156.862540,-106415.860859,306203.800780
289,-928021.250000,316620.433037,0.000000,303233.029173,303156.862540,314304.787947,306203.800780
290,-927603.062500,316627.665667,0.000000,303233.029173,303156.862540,138653.494436,306203.800780
291,-926122.937500,316653.258842,0.000000,303233.029173,303156.862540,-77218.027860,306203.800780
292,-924903.250000,316674.341869,0.000000,303233.029173,303156.862540,128583.780718,306203.800780
293,-922776.875000,316711.082702,0.000000,303233.029173,303156.862540,-23637.461200,306203.800780
294,-922647.812500,316713.312118,0.000000,303233.029173,303156.862540,-48248.887219,306203.800780
295,-922508.937500,316715.710957,0.000000,303233.029173,303156.862540,-70853.081145,306203.800780
296,-921089.062500,316740.232366,0.000000,303233.029173,303156.862540,-168164.222162,306203.800780
297,-916547.500000,316818.609301,0.000000,303233.029173,303156.862540,-46072.391452,306203.800780
298,-915609.937500,316834.778781,0.000000,303233.029173,303156.862540,56454.069417,306203.800780
299,-913104.437500,316877.971424,0.000000,303233.029173,303156.862540,-104355.959825,306203.800780
300,-908370.562500,316959.508033,0.000000,303233.029173,303156.862540,182446.734741,306203.800780
301,-890296.875000,317269.954309,0.000000,303233.029173,303156.862540,-390985.875018,306203.800780
302,-886846.937500,317329.058824,0.000000,303233.029173,303156.862540,79712.229210,306203.800780
303,-872204.250000,317579.369699,0.000000,303233.029173,303156.862540,278328.775118,306203.800780
304,-865969.562500,317685.680077,0.000000,303233.029173,303156.862540,-204205.275184,306203.800780
305,-848834.500000,317977.031299,0.000000,303233.029173,303156.862540,-114713.854418,306203.800780
306,-843645.562500,318065.021305,0.000000,303233.029173,303156.862540,-100563.380424,306203.800780
307,-831442.062500,318271.522414,0.000000,303233.029173,303156.862540,78178.583373,306203.800780
308,-824805.125000,318383.572330,0.000000,303233.029173,303156.862540,-186867.951110,306203.800780
309,-823359.125000,318407.960843,0.000000,303233.029173,303156.862540,252599.988461,306203.800780
310,-808672.187500,318655.188060,0.000000,303233.029173,303156.862540,-38977.044727,306203.800780
311,-805787.937500,318703.635294,0.000000,303233.029173,303156.862540,-65684.889437,306203.800780
312,-804591.250000,318723.726270,0.000000,303233.029173,303156.862540,83607.221249,306203.800780
313,-801616.500000,318773.643458,0.000000,303233.029173,303156.862540,-50343.949543,306203.800780
314,-796148.312500,318865.306943,0.000000,303233.029173,303156.862540,-94011.915717,306203.800780
315,-796028.500000,318867.313998,0.004544,303233.029173,303156.862540,149984.208132,306203.800780
316,-790350.187500,318962.367823,0.000000,303233.029173,303156.862540,29220.832646,306203.800780
317,-789374.125000,318978.693664,0.000000,303233.029173,303156.862540,-47951.637194,306203.800780
318,-783858.562500,319070.875198,0.000000,303233.029173,303156.862540,105041.336647,306203.800780
319,-779204.562500,319148.561003,0.000000,303233.029173,303156.862540,-171633.143299,306203.800780
320,-778175.875000,319165.720223,nan,303233.029173,303156.862540,-60487.599390,306203.800780
321,-777405.812500,319178.562579,0.000000,303233.029173,303156.862540,187003.868697,306203.800780
322,-772604.875000,319258.573527,0.000000,303233.029173,303156.862540,-24543.049849,306203.800780
323,-763997.500000,319401.786686,0.000000,303233.029173,303156.862540,-89443.857128,306203.800780
324,-763102.312500,319416.663909,0.000000,303233.029173,303156.862540,105009.295634,306203.800780
325,-757330.687500,319512.505070,0.000000,303233.029173,303156.862540,36327.039494,306203.800780
326,-753954.687500,319568.502821,0.000000,303233.029173,303156.862540,-43190.554954,306203.800780
327,-751973.250000,319601.347416,0.001136,303233.029173,303156.862540,-37039.188784,306203.800780
328,-751936.625000,319601.954368,0.000000,303233.029173,303156.862540,37091.028959,306203.800780
329,-743053.312500,319749.008508,0.000000,303233.029173,303156.862540,43780.350228,306203.800780
330,-742872.812500,319751.993187,0.000000,303233.029173,303156.862540,-120471.503240,306203.800780
331,-736589.125000,319855.815615,0.000000,303233.029173,303156.862540,188462.132228,306203.800780
332,-733603.875000,319905.083526,0.000000,303233.029173,303156.862540,-13094.610018,306203.800780
333,-733441.562500,319907.761263,0.000000,303233.029173,303156.862540,-30060.746738,306203.800780
334,-728033.000000,319996.927670,0.000000,303233.029173,303156.862540,-144703.390463,306203.800780
335,-724923.062500,320048.145064,0.000000,303233.029173,303156.862540,-85111.503671,306203.800780
336,-717035.062500,320177.877002,0.000000,303233.029173,303156.862540,-1324.385825,306203.800780
337,-713017.312500,320243.859436,0.000000,303233.029173,303156.862540,104230.593930,306203.800780
338,-710273.000000,320288.891145,0.000000,303233.029173,303156.862540,117206.962886,306203.800780
339,-710170.562500,320290.571465,0.000000,303233.029173,303156.862540,153748.876539,306203.800780
340,-704026.625000,320391.275448,0.000000,303233.029173,303156.862540,168011.671111,306203.800780
341,-697311.687500,320501.164797,0.000000,303233.029173,303156.862540,-60368.173637,306203.800780
342,-691477.812500,320596.488445,0.000000,303233.029173,303156.862540,-161952.622166,306203.800780
343,-691444.250000,320597.036450,0.000000,303233.029173,303156.862540,-83566.951083,306203.800780
344,-684845.125000,320704.698346,0.000000,303233.029173,303156.862540,-80986.503491,306203.800780
345,-679444.250000,320792.681245,0.000000,303233.029173,303156.862540,57102.506151,306203.800780
346,-678362.250000,320810.293487,0.000000,303233.029173,303156.862540,-77292.727795,306203.800780
347,-678259.375000,320811.967790,0.000000,303233.029173,303156.862540,35699.281652,306203.800780
348,-677894.875000,320817.899727,0.000000,303233.029173,303156.862540,47007.822314,306203.800780
349,-675783.500000,320852.250138,0.000000,303233.029173,303156.862540,-125961.904604,306203.800780
350,-673601.812500,320887.725709,0.000000,303233.029173,303156.862540,-64029.187925,306203.800780
351,-672652.750000,320903.152092,0.000000,303233.029173,303156.862540,-48157.383580,306203.800780
352,-662751.375000,321063.877304,0.000000,303233.029173,303156.862540,3114.381725,306203.800780
353,-660262.750000,321104.212507,0.000000,303233.029173,303156.862540,-22312.555755,306203.800780
354,-639346.875000,321442.235631,0.000000,303233.029173,303156.862540,-115757.416036,306203.800780
355,-632249.437500,321556.541375,0.000000,303233.029173,303156.862540,-60438.307861,306203.800780
356,-627793.875000,321628.196670,0.000000,303233.029173,303156.862540,-10546.642140,306203.800780
357,-619239.125000,321765.554582,0.000000,303233.029173,303156.862540,177765.041708,306203.800780
358,-618096.062500,321783.885941,0.000000,303233.029173,303156.862540,138687.517913,306203.800780
359,-614774.687500,321837.121567,0.000000,303233.029173,303156.862540,135535.251340,306203.800780
360,-613562.625000,321856.537822,0.000000,303233.029173,303156.862540,-67711.153555,306203.800780
361,-612370.750000,321875.625002,0.000000,303233.029173,303156.862540,-54178.053112,306203.800780
362,-611900.562500,321883.153229,0.000000,303233.029173,303156.862540,-39287.844234,306203.800780
363,-604380.250000,322003.442596,0.000000,303233.029173,303156.862540,-87502.407763,306203.800780
364,-601786.812500,322044.873295,0.000000,303233.029173,303156.862540,138216.455784,306203.800780
365,-590125.250000,322230.839877,0.000000,303233.029173,303156.862540,116495.590335,306203.800780
366,-583609.000000,322334.519924,0.000000,303233.029173,303156.862540,211307.100470,306203.800780
367,-579116.062500,322405.909279,0.000000,303233.029173,303156.862540,-43832.527500,306203.800780
368,-577866.187500,322425.754661,0.000000,303233.029173,303156.862540,242887.121927,306203.800780
369,-576928.562500,322440.638121,0.000000,303233.029173,303156.862540,-140131.653296,306203.800780
370,-575777.937500,322458.897909,0.000000,303233.029173,303156.862540,43672.032363,306203.800780
371,-572630.750000,322508.815348,0.000000,303233.029173,303156.862540,-261543.178233,306203.800780
372,-571993.312500,322518.920962,0.000000,303233.029173,303156.862540,-110816.910403,306203.800780
373,-569421.625000,322559.674926,0.000000,303233.029173,303156.862540,-93687.827216,306203.800780
374,-560439.562500,322701.810568,0.000000,303233.029173,303156.862540,-212934.509896,306203.800780
375,-558467.187500,322732.979623,0.000000,303233.029173,303156.862540,136806.809172,306203.800780
376,-554523.375000,322795.256981,0.000000,303233.029173,303156.862540,-13893.237986,306203.800780
377,-549338.000000,322877.046891,0.000000,303233.029173,303156.862540,-52019.113919,306203.800780
378,-545889.312500,322931.385140,0.000000,303233.029173,303156.862540,-185023.740323,306203.800780
379,-544244.187500,322957.289605,0.000000,303233.029173,303156.862540,6103.965133,306203.800780
380,-537575.750000,323062.183237,0.000000,303233.029173,303156.862540,1898.405325,306203.800780
381,-535019.375000,323102.348372,0.000000,303233.029173,303156.862540,-96134.667134,306203.800780
382,-522964.125000,323291.411993,0.000000,303233.029173,303156.862540,-289546.504912,306203.800780
383,-519732.156250,323342.002437,0.000000,303233.029173,303156.862540,13459.401432,306203.800780
384,-518594.906250,323359.794235,0.000000,303233.029173,303156.862540,61023.752251,306203.800780
385,-517432.812500,323377.969473,0.000000,303233.029173,303156.862540,-81363.687588,306203.800780
386,-516909.750000,323386.148486,0.000000,303233.029173,303156.862540,109246.385443,306203.800780
387,-514595.437500,323422.324030,0.000000,303233.029173,303156.862540,-94684.861387,306203.800780
388,-509181.625000,323506.866716,0.000568,303233.029173,303156.862540,22173.441549,306203.800780
389,-508077.562500,323524.093805,nan,303233.029173,303156.862540,24906.312132,306203.800780
390,-506205.062500,323553.300209,0.000000,303233.029173,303156.862540,21110.971689,306203.800780
391,-489802.156250,323808.559909,0.000000,303233.029173,303156.862540,-65397.570937,306203.800780
392,-483982.031250,323898.879586,0.000000,303233.029173,303156.862540,64340.348705,306203.800780
393,-481692.125000,323934.379342,0.000000,303233.029173,303156.862540,29897.689366,306203.800780
394,-471797.593750,324087.536729,0.000000,303233.029173,303156.862540,121969.669783,306203.800780
395,-465450.187500,324185.587691,0.000000,303233.029173,303156.862540,-274521.227260,306203.800780
396,-459446.906250,324278.178768,0.000000,303233.029173,303156.862540,-137622.223770,306203.800780
397,-450826.093750,324410.896423,0.004544,303233.029173,303156.862540,164813.306275,306203.800780
398,-447665.750000,324459.477804,0.000000,303233.029173,303156.862540,141880.811966,306203.800780
399,-446897.531250,324471.281154,0.000000,303233.029173,303156.862540,-86161.583549,306203.800780
400,-444288.906250,324511.344486,0.000000,303233.029173,303156.862540,80507.101185,306203.800780
401,-442606.156250,324537.174218,0.000000,303233.029173,303156.862540,67904.262004,306203.800780
402,-418719.500000,324902.646097,0.000000,303233.029173,303156.862540,-56897.503099,306203.800780
403,-417332.812500,324923.795059,0.000000,303233.029173,303156.862540,111135.897898,306203.800780
404,-417175.718750,324926.190494,0.000000,303233.029173,303156.862540,-122954.281871,306203.800780
405,-407281.593750,325076.868741,0.000000,303233.029173,303156.862540,24581.228927,306203.800780
406,-404533.375000,325118.654569,0.000000,303233.029173,303156.862540,20979.920059,306203.800780
407,-393835.812500,325281.030808,0.000000,303233.029173,303156.862540,-199009.010764,306203.800780
408,-392125.437500,325306.951429,0.000000,303233.029173,303156.862540,308759.748951,306203.800780
409,-388183.531250,325366.647925,0.000000,303233.029173,303156.862540,17211.843368,306203.800780
410,-386376.187500,325393.998492,0.000000,303233.029173,303156.862540,199579.588996,306203.800780
411,-385718.468750,325403.948648,0.000000,303233.029173,303156.862540,-153706.589097,306203.800780
412,-383973.281250,325430.342282,0.000000,303233.029173,303156.862540,51307.877477,306203.800780
413,-383536.062500,325436.952800,0.000000,303233.029173,303156.862540,121988.546744,306203.800780
414,-380614.687500,325481.103617,0.000000,303233.029173,303156.862540,77181.011731,306203.800780
415,-365630.031250,325707.052342,0.000000,303233.029173,303156.862540,72929.980088,306203.800780
416,-360186.625000,325788.918573,0.000000,303233.029173,303156.862540,80177.218104,306203.800780
417,-358860.312500,325808.848489,0.000000,303233.029173,303156.862540,-131908.021760,306203.800780
418,-353436.000000,325890.287188,0.000000,303233.029173,303156.862540,-247225.405346,306203.800780
419,-338794.781250,326109.543642,0.000000,303233.029173,303156.862540,113613.916630,306203.800780
420,-335962.406250,326151.864762,0.000000,303233.029173,303156.862540,-228515.715811,306203.800780
421,-329903.250000,326242.297420,0.000000,303233.029173,303156.862540,-248013.626849,306203.800780
422,-317905.968750,326420.943519,0.000000,303233.029173,303156.862540,13774.182545,306203.800780
423,-311732.062500,326512.662810,0.000000,303233.029173,303156.862540,-130708.358444,306203.800780
424,-307494.843750,326575.526863,0.003213,303233.029173,303156.862540,88670.902004,306203.800780
425,-300797.218750,326674.754731,0.002272,303233.029173,303156.862540,79537.498278,306203.800780
426,-288079.375000,326862.705740,0.000000,303233.029173,303156.862540,-61572.374651,306203.800780
427,-277022.750000,327025.608110,0.000000,303233.029173,303156.862540,-4719.178788,306203.800780
428,-271354.437500,327108.942518,0.000000,303233.029173,303156.862540,-266936.352804,306203.800780
429,-265186.031250,327199.491131,0.000000,303233.029173,303156.862540,-98331.087349,306203.800780
430,-261660.765625,327251.175399,0.000000,303233.029173,303156.862540,-77228.101569,306203.800780
431,-260695.406250,327265.320440,0.000000,303233.029173,303156.862540,-200722.550261,306203.800780
432,-239486.015625,327575.206179,0.000000,303233.029173,303156.862540,-112069.791342,306203.800780
433,-233467.156250,327662.837599,0.000000,303233.029173,303156.862540,104992.511575,306203.800780
434,-232119.593750,327682.438718,0.000000,303233.029173,303156.862540,-105866.609953,306203.800780
435,-223279.140625,327810.859124,0.000000,303233.029173,303156.862540,-111950.556647,306203.800780
436,-219524.781250,327865.307771,0.000000,303233.029173,303156.862540,211880.769068,306203.800780
437,-210313.546875,327998.672034,0.000000,303233.029173,303156.862540,-16968.604692,306203.800780
438,-204169.500000,328087.451230,0.000000,303233.029173,303156.862540,-219174.515370,306203.800780
439,-191672.140625,328267.596915,0.004544,303233.029173,303156.862540,149259.497564,306203.800780
440,-191195.625000,328274.454171,0.000000,303233.029173,303156.862540,248410.045673,306203.800780
441,-187716.375000,328324.496260,0.000000,303233.029173,303156.862540,17227.738998,306203.800780
442,-186853.078125,328336.906056,0.000000,303233.029173,303156.862540,-46188.461131,306203.800780
443,-184447.187500,328371.475758,0.000000,303233.029173,303156.862540,-14345.764357,306203.800780
444,-184300.000000,328373.589959,0.000000,303233.029173,303156.862540,-143842.997899,306203.800780
445,-180155.234375,328433.092134,0.000000,303233.029173,303156.862540,66355.906863,306203.800780
446,-179765.750000,328438.680264,0.000000,303233.029173,303156.862540,139105.181178,306203.800780
447,-166094.406250,328634.471048,0.000000,303233.029173,303156.862540,78542.793022,306203.800780
448,-164843.484375,328652.350987,0.000000,303233.029173,303156.862540,269255.993534,306203.800780
449,-162832.796875,328681.078341,nan,303233.029173,303156.862540,102503.695228,306203.800780
450,-160518.843750,328714.119896,0.000000,303233.029173,303156.862540,-63131.250459,306203.800780
451,-157144.265625,328762.270628,0.000000,303233.029173,303156.862540,-7434.456999,306203.800780
452,-154016.421875,328806.862903,0.000000,303233.029173,303156.862540,-214164.488274,306203.800780
453,-148228.203125,328889.286879,0.000000,303233.029173,303156.862540,154488.391312,306203.800780
454,-142912.937500,328964.866214,0.000000,303233.029173,303156.862540,-213342.576753,306203.800780
455,-140355.328125,329001.196176,0.000000,303233.029173,303156.862540,261162.938286,306203.800780
456,-126815.062500,329193.126054,0.000000,303233.029173,303156.862540,127415.830556,306203.800780
457,-117760.546875,329321.091883,0.000000,303233.029173,303156.862540,125184.297526,306203.800780
458,-114720.320313,329363.990691,0.000000,303233.029173,303156.862540,136615.042679,306203.800780
459,-112994.195313,329388.331761,0.000000,303233.029173,303156.862540,19669.814156,306203.800780
460,-111236.250000,329413.110202,0.000000,303233.029173,303156.862540,76483.312084,306203.800780
461,-108372.773438,329453.446731,0.000000,303233.029173,303156.862540,126956.926362,306203.800780
462,-106017.960938,329486.595188,0.000000,303233.029173,303156.862540,-410317.543544,306203.800780
463,-100116.945313,329569.573050,0.000000,303233.029173,303156.862540,-51208.124259,306203.800780
464,-97928.968750,329600.306822,0.000035,303233.029173,303156.862540,-1256.013779,306203.800780
465,-83262.812500,329805.860704,0.000000,303233.029173,303156.862540,170885.794544,306203.800780
466,-78802.148438,329868.221764,0.000000,303233.029173,303156.862540,101808.535988,306203.800780
467,-76768.320313,329896.630766,0.000000,303233.029173,303156.862540,123308.097379,306203.800780
468,-76328.320313,329902.774786,0.000000,303233.029173,303156.862540,-100.428916,306203.800780
469,-75858.890625,329909.328965,0.000000,303233.029173,303156.862540,-58632.928596,306203.800780
470,-52329.324219,330236.808958,0.000000,303233.029173,303156.862540,-19450.383088,306203.800780
471,-49838.894531,330271.351078,0.000000,303233.029173,303156.862540,-187054.244009,306203.800780
472,-44330.210938,330347.675262,0.000000,303233.029173,303156.862540,50618.655766,306203.800780
473,-43672.332031,330356.782888,0.000000,303233.029173,303156.862540,132727.439307,306203.800780
474,-42160.480469,330377.706825,0.000000,303233.029173,303156.862540,-206885.807190,306203.800780
475,-31864.292969,330519.982380,0.000000,303233.029173,303156.862540,227191.261766,306203.800780
476,-28258.105469,330569.721742,0.000000,303233.029173,303156.862540,-177007.605776,306203.800780
477,-23060.343750,330641.329498,0.000000,303233.029173,303156.862540,-82831.445141,306203.800780
478,-21620.843750,330661.143490,0.000000,303233.029173,303156.862540,-81082.382071,306203.800780
479,-17740.333984,330714.518961,0.000000,303233.029173,303156.862540,377732.533241,306203.800780
480,-15167.897461,330749.871824,nan,303233.029173,303156.862540,-25295.570970,306203.800780
481,-14899.709961,330753.556117,0.000000,303233.029173,303156.862540,238848.185202,306203.800780
482,-10595.365234,330812.652138,0.000000,303233.029173,303156.862540,16158.985190,306203.800780
483,-7197.540039,330859.254350,0.000000,303233.029173,303156.862540,73825.713243,306203.800780
484,-5527.250977,330882.147404,0.000000,303233.029173,303156.862540,-143909.140455,306203.800780
485,12980.312500,331135.131007,0.000000,303233.029173,303156.862540,-84380.118822,306203.800780
486,13202.748047,331138.163922,0.000000,303233.029173,303156.862540,-101339.186025,306203.800780
487,13271.934570,331139.107246,0.000000,303233.029173,303156.862540,149643.026086,306203.800780
488,14461.728516,331155.326760,0.000000,303233.029173,303156.862540,-17832.823515,306203.800780
489,16493.406250,331183.011078,0.000000,303233.029173,303156.862540,-8964.038943,306203.800780
490,18950.281250,331216.469180,0.000000,303233.029173,303156.862540,-68252.911680,306203.800780
491,22178.892578,331260.403470,0.000000,303233.029173,303156.862540,-18972.501657,306203.800780
492,32623.464844,331402.271131,0.000000,303233.029173,303156.862540,-238483.466249,306203.800780
493,34107.273438,331422.393366,0.000000,303233.029173,303156.862540,131383.291832,306203.800780
494,36140.386719,331449.951836,nan,303233.029173,303156.862540,117506.214816,306203.800780
495,40951.609375,331515.107206,0.000000,303233.029173,303156.862540,265618.304657,306203.800780
496,42599.296875,331537.401468,0.000000,303233.029173,303156.862540,-73794.879697,306203.800780
497,49379.242188,331629.034686,0.000000,303233.029173,303156.862540,109339.509064,306203.800780
498,51573.406250,331658.653802,0.000000,303233.029173,303156.862540,-63265.717829,306203.800780
499,57604.234375,331739.974229,nan,303233.029173,303156.862540,-211285.988477,306203.800780
500,62962.445313,331812.114360,0.000000,303233.029173,303156.862540,-90791.504573,306203.800780
501,64274.941406,331829.769251,0.000000,303233.029173,303156.862540,33769.800861,306203.800780
502,64463.378906,331832.303484,0.000000,303233.029173,303156.862540,128277.696079,306203.800780
503,65116.992188,331841.092714,0.000000,303233.029173,303156.862540,154613.022378,306203.800780
504,67691.773438,331875.701105,0.000000,303233.029173,303156.862540,18861.159759,306203.800780
505,71278.117188,331923.866195,0.000000,303233.029173,303156.862540,-90644.692641,306203.800780
506,75056.585938,331974.561183,0.000000,303233.029173,303156.862540,-34377.302724,306203.800780
507,77603.734375,332008.706631,0.000000,303233.029173,303156.862540,-76133.288335,306203.800780
508,83882.515625,332092.775760,nan,303233.029173,303156.862540,-28140.322804,306203.800780
509,88668.296875,332156.758807,0.000000,303233.029173,303156.862540,-298307.591361,306203.800780
510,92144.656250,332203.183782,0.000000,303233.029173,303156.862540,-80815.211230,306203.800780
511,100445.882813,332313.865873,0.000000,303233.029173,303156.862540,-189970.594305,306203.800780
512,102029.132813,332334.947462,0.000000,303233.029173,303156.862540,-60169.147594,306203.800780
513,102809.054688,332345.329101,0.000000,303233.029173,303156.862540,-131065.949545,306203.800780
514,104844.609375,332372.414294,0.000000,303233.029173,303156.862540,179187.294412,306203.800780
515,105107.187500,332375.907084,0.000000,303233.029173,303156.862540,-44689.465700,306203.800780
516,115651.421875,332515.960189,0.000000,303233.029173,303156.862540,-125720.701315,306203.800780
517,115853.671875,332518.642647,0.000000,303233.029173,303156.862540,63745.547436,306203.800780
518,124108.062500,332627.995655,0.000000,303233.029173,303156.862540,160191.902994,306203.800780
519,130883.140625,332717.567791,0.000000,303233.029173,303156.862540,-5573.315302,306203.800780
520,132590.390625,332740.113018,0.000000,303233.029173,303156.862540,-2776.624580,306203.800780
521,139702.890625,332833.925025,0.000000,303233.029173,303156.862540,113213.914336,306203.800780
522,143600.906250,332885.261769,0.000000,303233.029173,303156.862540,-209886.961709,306203.800780
523,156434.828125,333053.898940,0.000000,303233.029173,303156.862540,-111989.254659,306203.800780
524,157111.609375,333062.775426,nan,303233.029173,303156.862540,229826.595837,306203.800780
525,160237.625000,333103.754134,0.000000,303233.029173,303156.862540,78766.925526,306203.800780
526,160712.375000,333109.974535,0.000000,303233.029173,303156.862540,-500.554534,306203.800780
527,161361.171875,333118.474076,0.000000,303233.029173,303156.862540,-54038.821816,306203.800780
528,163588.484375,333147.641436,0.000000,303233.029173,303156.862540,197598.910792,306203.800780
529,164445.906250,333158.864911,0.000000,303233.029173,303156.862540,-187384.147369,306203.800780
530,166927.109375,333191.328520,0.000000,303233.029173,303156.862540,256316.315480,306203.800780
531,172704.984375,333266.839802,0.000000,303233.029173,303156.862540,-45045.152364,306203.800780
532,173059.875000,333271.473989,0.000000,303233.029173,303156.862540,-52659.309150,306203.800780
533,180343.750000,333366.487885,0.000000,303233.029173,303156.862540,47817.441280,306203.800780
534,181730.437500,333384.554928,nan,303233.029173,303156.862540,205885.862985,306203.800780
535,183983.437500,333413.894440,0.000000,303233.029173,303156.862540,-41118.467269,306203.800780
536,184523.718750,333420.927515,0.000000,303233.029173,303156.862540,-260309.480094,306203.800780
537,185509.937500,333433.762861,0.000000,303233.029173,303156.862540,-27215.797126,306203.800780
538,198002.875000,333596.054227,0.000000,303233.029173,303156.862540,152549.209972,306203.800780
539,200014.281250,333622.131664,0.000000,303233.029173,303156.862540,85065.589806,306203.800780
540,203790.156250,333671.046098,0.000000,303233.029173,303156.862540,25566.232362,306203.800780
541,204144.343750,333675.631800,0.000000,303233.029173,303156.862540,-2491.872210,306203.800780
542,207370.281250,333717.377773,0.000000,303233.029173,303156.862540,-256505.863087,306203.800780
543,208431.640625,333731.104429,0.000000,303233.029173,303156.862540,-262861.476061,306203.800780
544,211318.812500,333768.424182,0.000000,303233.029173,303156.862540,112245.229930,306203.800780
545,223689.031250,333927.986497,0.000000,303233.029173,303156.862540,26261.210355,306203.800780
546,225611.796875,333952.739202,0.000000,303233.029173,303156.862540,87766.582756,306203.800780
547,228385.546875,333988.423895,0.000000,303233.029173,303156.862540,103397.461924,306203.800780
548,230415.437500,334014.521406,0.001136,303233.029173,303156.862540,36733.049122,306203.800780
549,237669.375000,334107.662853,0.000000,303233.029173,303156.862540,-39178.655815,306203.800780
550,238663.531250,334120.413385,0.000000,303233.029173,303156.862540,-35886.068953,306203.800780
551,240184.515625,334139.913953,0.000000,303233.029173,303156.862540,250368.293171,306203.800780
552,250432.296875,334271.087031,0.000000,303233.029173,303156.862540,56030.573878,306203.800780
553,253223.031250,334306.744332,0.000000,303233.029173,303156.862540,-41604.439392,306203.800780
554,254317.343750,334320.718865,0.000000,303233.029173,303156.862540,-187906.082309,306203.800780
555,263685.375000,334440.176456,0.000000,303233.029173,303156.862540,31089.339060,306203.800780
556,265927.125000,334468.716340,0.000000,303233.029173,303156.862540,131805.785010,306203.800780
557,270468.250000,334526.475251,0.000000,303233.029173,303156.862540,44080.754593,306203.800780
558,274973.312500,334583.703424,0.000000,303233.029173,303156.862540,91765.940016,306203.800780
559,276030.875000,334597.127329,0.000000,303233.029173,303156.862540,39825.300603,306203.800780
560,276704.312500,334605.673379,0.000000,303233.029173,303156.862540,185986.740496,306203.800780
561,276965.093750,334608.982313,0.000000,303233.029173,303156.862540,-91518.703179,306203.800780
562,280617.031250,334655.294826,0.000000,303233.029173,303156.862540,78440.559233,306203.800780
563,282542.843750,334679.698293,0.000000,303233.029173,303156.862540,87551.033028,306203.800780
564,283031.656250,334685.890332,0.000000,303233.029173,303156.862540,178572.437553,306203.800780
565,289475.875000,334767.443695,0.000000,303233.029173,303156.862540,57148.435187,306203.800780
566,289590.406250,334768.891794,0.000000,303233.029173,303156.862540,-47304.612536,306203.800780
567,290824.062500,334784.486840,0.000000,303233.029173,303156.862540,-254787.157436,306203.800780
568,290848.000000,334784.789389,0.000000,303233.029173,303156.862540,38430.784281,306203.800780
569,291318.375000,334790.734098,0.000000,303233.029173,303156.862540,-102056.621617,306203.800780
570,295777.093750,334847.045661,0.000000,303233.029173,303156.862540,130007.665844,306203.800780
571,296969.687500,334862.095687,0.000000,303233.029173,303156.862540,82162.906552,306203.800780
572,297877.187500,334873.544591,0.000000,303233.029173,303156.862540,38865.317782,306203.800780
573,298979.375000,334887.445744,0.000000,303233.029173,303156.862540,-39120.186257,306203.800780
574,300224.468750,334903.144127,0.000000,303233.029173,303156.862540,-2385.726460,306203.800780
575,301418.750000,334918.196723,0.000000,303233.029173,303156.862540,320316.308437,306203.800780
576,301952.187500,334924.918489,0.000000,303233.029173,303156.862540,-59025.027847,306203.800780
577,305833.062500,334973.790639,0.000000,303233.029173,303156.862540,232311.818293,306203.800780
578,308565.937500,335008.174108,0.000000,303233.029173,303156.862540,-398351.457117,306203.800780
579,313298.187500,335067.650381,0.000000,303233.029173,303156.862540,-22972.460002,306203.800780
580,315179.812500,335091.277284,0.000000,303233.029173,303156.862540,-219275.758578,306203.800780
581,317739.687500,335123.400732,0.000000,303233.029173,303156.862540,77.045947,306203.800780
582,319276.593750,335142.676041,0.000000,303233.029173,303156.862540,-100686.973760,306203.800780
583,320772.500000,335161.429166,0.000000,303233.029173,303156.862540,3439.097778,306203.800780
584,322407.156250,335181.912705,0.000000,303233.029173,303156.862540,-128178.503360,306203.800780
585,324668.687500,335210.235998,0.000000,303233.029173,303156.862540,110912.897937,306203.800780
586,324699.406250,335210.620594,0.000000,303233.029173,303156.862540,140289.616518,306203.800780
587,327480.781250,335245.429433,0.000000,303233.029173,303156.862540,85838.960890,306203.800780
588,327757.562500,335248.891857,0.000000,303233.029173,303156.862540,43953.218703,306203.800780
589,329480.000000,335270.432816,0.000000,303233.029173,303156.862540,-31022.871811,306203.800780
590,337669.000000,335372.702674,0.000568,303233.029173,303156.862540,21676.766759,306203.800780
591,338805.093750,335386.872398,0.000000,303233.029173,303156.862540,246856.087002,306203.800780
592,340499.750000,335408.000276,0.000000,303233.029173,303156.862540,35010.019845,306203.800780
593,341121.062500,335415.743874,0.000000,303233.029173,303156.862540,-66759.284989,306203.800780
594,341301.468750,335417.992076,0.000000,303233.029173,303156.862540,49578.397656,306203.800780
595,342301.656250,335430.454225,0.000000,303233.029173,303156.862540,-213899.422901,306203.800780
596,347772.125000,335498.553173,0.000000,303233.029173,303156.862540,-42386.548099,306203.800780
597,347818.906250,335499.135076,0.000000,303233.029173,303156.862540,-93078.537039,306203.800780
598,352109.156250,335552.468005,0.000000,303233.029173,303156.862540,480.256539,306203.800780
599,355966.468750,335600.363945,0.000000,303233.029173,303156.862540,378391.312262,306203.800780
600,358456.187500,335631.250909,0.000000,303233.029173,303156.862540,168221.562071,306203.800780
601,361182.406250,335665.046952,0.000000,303233.029173,303156.862540,129047.599697,306203.800780
602,361594.937500,335670.158700,0.000000,303233.029173,303156.862540,-140318.929391,306203.800780
603,365740.500000,335721.494044,0.000000,303233.029173,303156.862540,11727.205249,306203.800780
604,371773.187500,335796.090639,0.000000,303233.029173,303156.862540,19509.578582,306203.800780
605,373934.843750,335822.789414,0.000000,303233.029173,303156.862540,-146473.783618,306203.800780
606,380420.500000,335902.796231,0.000000,303233.029173,303156.862540,-46921.438321,306203.800780
607,388644.718750,336004.038624,0.000000,303233.029173,303156.862540,299513.992307,306203.800780
608,389616.406250,336015.984769,0.000000,303233.029173,303156.862540,51278.255281,306203.800780
609,393327.781250,336061.582927,0.000000,303233.029173,303156.862540,124927.533710,306203.800780
610,394301.781250,336073.541586,0.000000,303233.029173,303156.862540,323784.111390,306203.800780
611,397233.406250,336109.515771,0.000000,303233.029173,303156.862540,-55355.399316,306203.800780
612,398950.687500,336130.574738,0.000000,303233.029173,303156.862540,-63542.472427,306203.800780
613,400442.750000,336148.863508,0.000000,303233.029173,303156.862540,-36061.571694,306203.800780
614,407394.593750,336233.972594,0.000000,303233.029173,303156.862540,117356.104865,306203.800780
615,413096.250000,336303.650422,0.000000,303233.029173,303156.862540,107803.097007,306203.800780
616,418520.343750,336369.831245,0.000000,303233.029173,303156.862540,223230.043183,306203.800780
617,430099.718750,336510.771956,0.000000,303233.029173,303156.862540,-130979.637799,306203.800780
618,430853.875000,336519.935159,0.000000,303233.029173,303156.862540,111162.353917,306203.800780
619,443841.093750,336677.423562,0.000000,303233.029173,303156.862540,-172946.973202,306203.800780
620,453490.781250,336794.060768,0.000000,303233.029173,303156.862540,58064.368844,306203.800780
621,456013.937500,336824.505303,0.000000,303233.029173,303156.862540,-103379.999563,306203.800780
622,456895.687500,336835.139344,0.000000,303233.029173,303156.862540,-212067.503112,306203.800780
623,460396.093750,336877.328218,0.000000,303233.029173,303156.862540,21055.211506,306203.800780
624,460638.968750,336880.253910,0.000000,303233.029173,303156.862540,-169723.260421,306203.800780
625,474891.687500,337051.585843,0.000000,303233.029173,303156.862540,-155038.957064,306203.800780
626,474918.937500,337051.912742,0.000000,303233.029173,303156.862540,88575.204343,306203.800780
627,476312.468750,337068.626542,0.000000,303233.029173,303156.862540,-61128.281789,306203.800780
628,477752.375000,337085.889505,0.000000,303233.029173,303156.862540,-55742.233742,306203.800780
629,479984.437500,337112.635426,0.000000,303233.029173,303156.862540,339725.057798,306203.800780
630,482864.375000,337147.119141,0.004544,303233.029173,303156.862540,146932.198508,306203.800780
631,485522.937500,337178.926731,0.000000,303233.029173,303156.862540,-215291.197399,306203.800780
632,486304.937500,337188.278094,0.000000,303233.029173,303156.862540,174614.606913,306203.800780
633,488626.156250,337216.023407,0.000000,303233.029173,303156.862540,17516.751400,306203.800780
634,493961.375000,337279.724280,0.000000,303233.029173,303156.862540,31268.224642,306203.800780
635,494885.031250,337290.742478,0.000000,303233.029173,303156.862540,12573.729163,306203.800780
636,504857.468750,337409.515249,0.000000,303233.029173,303156.862540,-54800.858236,306203.800780
637,508102.562500,337448.090727,0.000000,303233.029173,303156.862540,127727.880142,306203.800780
638,508511.312500,337452.947097,0.000000,303233.029173,303156.862540,239251.297826,306203.800780
639,510203.281250,337473.043304,0.000000,303233.029173,303156.862540,22663.255381,306203.800780
640,514651.187500,337525.825885,0.000000,303233.029173,303156.862540,90114.044901,306203.800780
641,515017.750000,337530.172784,0.000000,303233.029173,303156.862540,-77192.669403,306203.800780
642,515598.125000,337537.054243,0.000000,303233.029173,303156.862540,132249.410706,306203.800780
643,515772.125000,337539.117121,0.000000,303233.029173,303156.862540,43578.516877,306203.800780
644,516939.250000,337552.951418,0.003213,303233.029173,303156.862540,-89486.078326,306203.800780
645,532263.562500,337734.160574,0.000000,303233.029173,303156.862540,-66218.944890,306203.800780
646,541383.000000,337841.614333,0.000000,303233.029173,303156.862540,-125343.088951,306203.800780
647,542891.875000,337859.365777,0.000000,303233.029173,303156.862540,-100199.654452,306203.800780
648,543361.812500,337864.892849,0.000000,303233.029173,303156.862540,-174327.758052,306203.800780
649,544093.000000,337873.491052,0.000000,303233.029173,303156.862540,-49620.968439,306203.800780
650,547245.250000,337910.538081,0.000000,303233.029173,303156.862540,-97416.466062,306203.800780
651,552364.500000,337970.629775,0.000000,303233.029173,303156.862540,-51960.215137,306203.800780
652,555152.000000,338003.312712,0.000000,303233.029173,303156.862540,-195248.308026,306203.800780
653,556923.937500,338024.074512,0.000000,303233.029173,303156.862540,-16397.081075,306203.800780
654,562777.062500,338092.579132,0.000000,303233.029173,303156.862540,143254.510543,306203.800780
655,568502.187500,338159.472115,0.000000,303233.029173,303156.862540,-17571.136998,306203.800780
656,570579.062500,338183.710808,0.000000,303233.029173,303156.862540,-94339.062571,306203.800780
657,574545.250000,338229.958186,0.000000,303233.029173,303156.862540,205932.404838,306203.800780
658,577237.312500,338261.318078,0.000000,303233.029173,303156.862540,26919.341109,306203.800780
659,584157.562500,338341.818472,0.000000,303233.029173,303156.862540,-102051.651783,306203.800780
660,585489.250000,338357.290656,0.000000,303233.029173,303156.862540,67293.378720,306203.800780
661,588549.812500,338392.826772,0.000000,303233.029173,303156.862540,-44092.146839,306203.800780
662,590755.875000,338418.421462,0.000000,303233.029173,303156.862540,-163882.891991,306203.800780
663,591990.312500,338432.736126,0.000000,303233.029173,303156.862540,110456.151526,306203.800780
664,594912.125000,338466.597029,0.000000,303233.029173,303156.862540,-33432.701312,306203.800780
665,598154.312500,338504.136645,0.000000,303233.029173,303156.862540,-131521.841040,306203.800780
666,615895.125000,338708.913424,0.000000,303233.029173,303156.862540,-20030.082455,306203.800780
667,618300.125000,338736.591031,nan,303233.029173,303156.862540,102105.741680,306203.800780
668,621868.812500,338777.624470,0.000000,303233.029173,303156.862540,135603.757948,306203.800780
669,627472.375000,338841.967793,0.000000,303233.029173,303156.862540,12985.473624,306203.800780
670,627504.000000,338842.330626,0.000000,303233.029173,303156.862540,-25122.306097,306203.800780
671,629105.625000,338860.701595,0.000000,303233.029173,303156.862540,61177.475953,306203.800780
672,631546.625000,338888.683583,0.000000,303233.029173,303156.862540,-188636.831389,306203.800780
673,636380.437500,338944.035369,0.000000,303233.029173,303156.862540,-118281.675340,306203.800780
674,636589.625000,338946.428972,0.000000,303233.029173,303156.862540,-176926.364919,306203.800780
675,637198.625000,338953.396538,0.000000,303233.029173,303156.862540,48860.468244,306203.800780
676,638002.187500,338962.588162,0.000000,303233.029173,303156.862540,95875.422135,306203.800780
677,639667.312500,338981.627863,0.000000,303233.029173,303156.862540,-83316.851183,306203.800780
678,642798.500000,339017.405587,0.000000,303233.029173,303156.862540,-196825.253039,306203.800780
679,658680.625000,339198.365925,0.000000,303233.029173,303156.862540,49410.556344,306203.800780
680,658682.375000,339198.385817,0.000000,303233.029173,303156.862540,42616.561948,306203.800780
681,660245.812500,339216.153275,0.000000,303233.029173,303156.862540,-40836.673015,306203.800780
682,661461.687500,339229.965178,0.000000,303233.029173,303156.862540,10043.071984,306203.800780
683,672142.562500,339351.080703,0.000000,303233.029173,303156.862540,27729.380878,306203.800780
684,672639.125000,339356.702058,0.000000,303233.029173,303156.862540,-125012.820269,306203.800780
685,672797.125000,339358.490527,0.000000,303233.029173,303156.862540,357455.710074,306203.800780
686,677897.687500,339416.180565,0.000000,303233.029173,303156.862540,-112164.971712,306203.800780
687,686082.437500,339508.570334,0.000000,303233.029173,303156.862540,-46085.015616,306203.800780
688,691113.937500,339565.253612,0.000000,303233.029173,303156.862540,97270.226427,306203.800780
689,695638.187500,339616.149285,0.003213,303233.029173,303156.862540,-91267.512499,306203.800780
690,698284.125000,339645.882771,0.000000,303233.029173,303156.862540,-236957.904715,306203.800780
691,706075.937500,339733.305197,0.000000,303233.029173,303156.862540,152440.130922,306203.800780
692,712598.000000,339806.323713,0.000000,303233.029173,303156.862540,35004.202282,306203.800780
693,712707.375000,339807.547010,0.000000,303233.029173,303156.862540,-34938.298663,306203.800780
694,718012.812500,339866.836841,0.000000,303233.029173,303156.862540,-510121.494662,306203.800780
695,721225.187500,339902.689942,0.000000,303233.029173,303156.862540,239897.935996,306203.800780
696,723816.187500,339931.582575,0.000000,303233.029173,303156.862540,-175830.584002,306203.800780
697,727060.062500,339967.723621,0.000000,303233.029173,303156.862540,154395.615827,306203.800780
698,727176.437500,339969.019533,0.000000,303233.029173,303156.862540,151503.380737,306203.800780
699,731192.312500,340013.710993,0.000000,303233.029173,303156.862540,219806.462427,306203.800780
700,736272.000000,340070.163505,0.000000,303233.029173,303156.862540,-250154.444674,306203.800780
701,740480.812500,340116.871853,0.000000,303233.029173,303156.862540,26283.233465,306203.800780
702,741960.250000,340133.276122,0.000000,303233.029173,303156.862540,-25612.818906,306203.800780
703,747565.437500,340195.360659,0.000000,303233.029173,303156.862540,-9199.109017,306203.800780
704,749600.000000,340217.869876,0.000000,303233.029173,303156.862540,-48670.094002,306203.800780
705,750133.937500,340223.774745,0.000000,303233.029173,303156.862540,-51227.419644,306203.800780
706,751280.937500,340236.456294,0.000000,303233.029173,303156.862540,-130952.326639,306203.800780
707,763170.687500,340367.652254,0.000000,303233.029173,303156.862540,126318.216722,306203.800780
708,764879.625000,340386.470289,0.000000,303233.029173,303156.862540,306105.803605,306203.800780
709,765228.000000,340390.305231,0.000000,303233.029173,303156.862540,-131938.993986,306203.800780
710,767636.187500,340416.803630,0.000000,303233.029173,303156.862540,225781.387643,306203.800780
711,769165.625000,340433.622632,0.000000,303233.029173,303156.862540,-78493.931743,306203.800780
712,773362.562500,340479.735428,0.000000,303233.029173,303156.862540,176904.672099,306203.800780
713,774600.250000,340493.322927,0.000000,303233.029173,303156.862540,-96715.774248,306203.800780
714,778998.062500,340541.561150,0.000000,303233.029173,303156.862540,154395.277526,306203.800780
715,782769.937500,340582.882014,0.000000,303233.029173,303156.862540,43691.417589,306203.800780
716,783922.250000,340595.496081,0.000000,303233.029173,303156.862540,297648.787989,306203.800780
717,784600.750000,340602.921365,0.000000,303233.029173,303156.862540,331203.829980,306203.800780
718,786929.562500,340628.395400,0.000000,303233.029173,303156.862540,4561.526425,306203.800780
719,787658.312500,340636.363201,0.000000,303233.029173,303156.862540,-140034.261901,306203.800780
720,788520.875000,340645.791743,0.000000,303233.029173,303156.862540,36717.011362,306203.800780
721,789530.312500,340656.822591,0.000000,303233.029173,303156.862540,-19291.546827,306203.800780
722,794579.625000,340711.948833,0.000000,303233.029173,303156.862540,242179.634108,306203.800780
723,795322.937500,340720.056795,0.000000,303233.029173,303156.862540,-125114.634052,306203.800780
724,796769.812500,340735.833829,0.000000,303233.029173,303156.862540,258404.697762,306203.800780
725,798533.375000,340755.054618,nan,303233.029173,303156.862540,-56558.562485,306203.800780
726,816599.187500,340951.352078,0.000000,303233.029173,303156.862540,126507.727409,306203.800780
727,818294.437500,340969.716159,0.000000,303233.029173,303156.862540,-68723.189427,306203.800780
728,824077.062500,341032.285226,0.000000,303233.029173,303156.862540,45650.679925,306203.800780
729,834496.875000,341144.747817,0.000000,303233.029173,303156.862540,-22464.863106,306203.800780
730,838660.187500,341189.581829,0.000000,303233.029173,303156.862540,-14597.203363,306203.800780
731,845649.500000,341264.718669,0.000000,303233.029173,303156.862540,-60190.545158,306203.800780
732,858034.687500,341397.462943,0.000000,303233.029173,303156.862540,-198818.014302,306203.800780
733,859461.125000,341412.718697,0.000000,303233.029173,303156.862540,-7155.390754,306203.800780
734,861182.500000,341431.119797,0.000000,303233.029173,303156.862540,-195476.826103,306203.800780
735,867381.125000,341497.300031,0.000000,303233.029173,303156.862540,97645.660095,306203.800780
736,879179.312500,341622.911717,0.000000,303233.029173,303156.862540,-35530.562183,306203.800780
737,883248.687500,341666.129881,0.000000,303233.029173,303156.862540,170106.457140,306203.800780
738,883563.500000,341669.471007,0.000000,303233.029173,303156.862540,-47626.468636,306203.800780
739,891166.062500,341750.057651,0.000000,303233.029173,303156.862540,91195.400325,306203.800780
740,894382.875000,341784.097920,0.000000,303233.029173,303156.862540,-290120.736544,306203.800780
741,902944.375000,341874.528456,0.000000,303233.029173,303156.862540,172481.131900,306203.800780
742,908736.812500,341935.573129,0.000000,303233.029173,303156.862540,-84821.051864,306203.800780
743,922776.062500,342083.067511,0.000000,303233.029173,303156.862540,5908.427278,306203.800780
744,924006.937500,342095.967820,0.000000,303233.029173,303156.862540,-253433.114440,306203.800780
745,935931.250000,342220.682511,0.000000,303233.029173,303156.862540,41304.098695,306203.800780
746,949684.062500,342363.938061,0.000000,303233.029173,303156.862540,-745.070802,306203.800780
747,953850.375000,342407.213091,0.001136,303233.029173,303156.862540,37003.898218,306203.800780
748,954898.312500,342418.088893,0.000000,303233.029173,303156.862540,190052.198840,306203.800780
749,955352.812500,342422.804701,0.000000,303233.029173,303156.862540,29068.047261,306203.800780
750,955446.562500,342423.777349,0.000000,303233.029173,303156.862540,33550.303483,306203.800780
751,963437.937500,342506.580665,0.000000,303233.029173,303156.862540,-154654.723730,306203.800780
752,999018.500000,342872.699908,0.000000,303233.029173,303156.862540,116020.737368,306203.800780
753,1000340.250000,342886.220363,0.000000,303233.029173,303156.862540,10811.141976,306203.800780
754,1003075.937500,342914.186055,0.000000,303233.029173,303156.862540,-35855.149278,306203.800780
755,1006043.375000,342944.493042,0.000000,303233.029173,303156.862540,-476.390073,306203.800780
756,1009863.875000,342983.469956,0.000000,303233.029173,303156.862540,230715.502513,306203.800780
757,1014569.562500,343031.411776,0.000000,303233.029173,303156.862540,-84924.908250,306203.800780
758,1016302.687500,343049.050654,0.000000,303233.029173,303156.862540,-124469.574817,306203.800780
759,1036459.250000,343253.471043,0.000000,303233.029173,303156.862540,-369394.454316,306203.800780
760,1037594.062500,343264.940325,0.000000,303233.029173,303156.862540,-129636.375447,306203.800780
761,1039298.937500,343282.163171,0.000000,303233.029173,303156.862540,144880.803275,306203.800780
762,1047938.687500,343369.296729,0.000000,303233.029173,303156.862540,363859.285495,306203.800780
763,1048610.125000,343376.058082,0.000000,303233.029173,303156.862540,97451.998868,306203.800780
764,1051566.875000,343405.814921,0.000000,303233.029173,303156.862540,124392.883656,306203.800780
765,1066788.500000,343558.553804,0.000000,303233.029173,303156.862540,245654.718982,306203.800780
766,1069170.375000,343582.385870,0.000000,303233.029173,303156.862540,-144873.983774,306203.800780
767,1070759.500000,343598.275706,0.000000,303233.029173,303156.862540,172809.958002,306203.800780
768,1081049.000000,343700.962163,0.000000,303233.029173,303156.862540,31421.815443,306203.800780
769,1083475.250000,343725.125182,0.000000,303233.029173,303156.862540,-83229.971237,306203.800780
770,1083554.750000,343725.916597,0.000000,303233.029173,303156.862540,190728.665289,306203.800780
771,1085059.125000,343740.888637,0.000000,303233.029173,303156.862540,47055.426008,306203.800780
772,1088870.875000,343778.791418,0.000000,303233.029173,303156.862540,230974.859868,306203.800780
773,1094530.125000,343834.977812,0.000000,303233.029173,303156.862540,-111697.012618,306203.800780
774,1095434.750000,343843.949476,0.000000,303233.029173,303156.862540,-278059.949237,306203.800780
775,1097534.875000,343864.767298,0.000000,303233.029173,303156.862540,15823.092419,306203.800780
776,1100804.375000,343897.148157,0.000000,303233.029173,303156.862540,-104791.539272,306203.800780
777,1102407.875000,343913.016371,0.000000,303233.029173,303156.862540,-106608.502637,306203.800780
778,1110211.750000,343990.123973,0.000000,303233.029173,303156.862540,-33607.656530,306203.800780
779,1113813.125000,344025.641211,0.000000,303233.029173,303156.862540,90663.400882,306203.800780
780,1115473.000000,344041.996921,0.000000,303233.029173,303156.862540,220087.573119,306203.800780
781,1132266.625000,344206.970740,0.000000,303233.029173,303156.862540,-221782.599312,306203.800780
782,1135416.125000,344237.808176,0.000000,303233.029173,303156.862540,-20754.303847,306203.800780
783,1148689.375000,344367.415835,0.000000,303233.029173,303156.862540,-54950.907123,306203.800780
784,1157638.625000,344454.479091,nan,303233.029173,303156.862540,-73056.450620,306203.800780
785,1159130.750000,344468.970071,0.000000,303233.029173,303156.862540,-49127.398543,306203.800780
786,1167617.875000,344551.256843,0.000000,303233.029173,303156.862540,47777.379021,306203.800780
787,1172408.125000,344597.597696,0.000000,303233.029173,303156.862540,36012.613803,306203.800780
788,1174264.250000,344615.533883,0.000000,303233.029173,303156.862540,-131146.975468,306203.800780
789,1174564.000000,344618.429395,0.000000,303233.029173,303156.862540,94229.072066,306203.800780
790,1183979.250000,344709.230523,0.000000,303233.029173,303156.862540,-36910.466812,306203.800780
791,1191172.500000,344778.409504,0.000000,303233.029173,303156.862540,-266181.558445,306203.800780
792,1195983.625000,344824.585813,0.000000,303233.029173,303156.862540,-152855.936347,306203.800780
793,1200529.875000,344868.151222,0.000000,303233.029173,303156.862540,38744.660671,306203.800780
794,1208329.875000,344942.740994,0.000000,303233.029173,303156.862540,155395.495691,306203.800780
795,1209087.625000,344949.976739,0.000000,303233.029173,303156.862540,-157940.357497,306203.800780
796,1209546.875000,344954.361210,0.000000,303233.029173,303156.862540,69005.986461,306203.800780
797,1213488.750000,344991.966416,0.000000,303233.029173,303156.862540,-79649.408633,306203.800780
798,1215828.000000,345014.259007,0.000000,303233.029173,303156.862540,-102606.703487,306203.800780
799,1215882.250000,345014.775790,0.000000,303233.029173,303156.862540,-17056.827540,306203.800780
800,1221236.750000,345065.735793,0.000000,303233.029173,303156.862540,-25484.841680,306203.800780
801,1221827.875000,345071.356003,0.000000,303233.029173,303156.862540,-187604.621145,306203.800780
802,1222859.875000,345081.165199,0.000000,303233.029173,303156.862540,505356.786384,306203.800780
803,1223673.000000,345088.891564,0.000000,303233.029173,303156.862540,141661.264553,306203.800780
804,1229333.750000,345142.621348,0.000000,303233.029173,303156.862540,220146.893605,306203.800780
805,1231205.000000,345160.359881,0.000000,303233.029173,303156.862540,174647.498077,306203.800780
806,1232131.125000,345169.134922,0.000000,303233.029173,303156.862540,330600.177215,306203.800780
807,1232348.000000,345171.189416,0.000000,303233.029173,303156.862540,59825.368864,306203.800780
808,1241114.250000,345254.106854,0.000000,303233.029173,303156.862540,219663.424698,306203.800780
809,1243725.750000,345278.760485,0.000000,303233.029173,303156.862540,130375.764257,306203.800780
810,1244963.750000,345290.440049,0.000000,303233.029173,303156.862540,-136872.791252,306203.800780
811,1247572.750000,345315.037791,0.000000,303233.029173,303156.862540,103440.987830,306203.800780
812,1250435.375000,345342.001541,0.000000,303233.029173,303156.862540,94444.815452,306203.800780
813,1251774.375000,345354.604861,0.000000,303233.029173,303156.862540,12238.500687,306203.800780
814,1253862.375000,345374.246634,0.000000,303233.029173,303156.862540,-2729.968822,306203.800780
815,1259154.250000,345423.964454,0.000000,303233.029173,303156.862540,-20202.028059,306203.800780
816,1260271.000000,345434.444963,0.000000,303233.029173,303156.862540,68890.273623,306203.800780
817,1263104.250000,345461.016564,0.000000,303233.029173,303156.862540,-11.047118,306203.800780
818,1267616.250000,345503.279095,0.000000,303233.029173,303156.862540,125848.740016,306203.800780
819,1268121.250000,345508.005210,nan,303233.029173,303156.862540,111712.944770,306203.800780
820,1271110.625000,345535.964942,0.000000,303233.029173,303156.862540,45631.348300,306203.800780
821,1275351.125000,345575.577304,0.000000,303233.029173,303156.862540,-36132.217774,306203.800780
822,1277723.375000,345597.712366,0.000000,303233.029173,303156.862540,-198471.710108,306203.800780
823,1280284.125000,345621.586034,0.000000,303233.029173,303156.862540,-76947.510327,306203.800780
824,1283445.875000,345651.033769,0.000000,303233.029173,303156.862540,-90796.342810,306203.800780
825,1292185.625000,345732.266886,0.000000,303233.029173,303156.862540,22491.281352,306203.800780
826,1292762.000000,345737.615500,0.000000,303233.029173,303156.862540,-9557.078890,306203.800780
827,1326728.125000,346050.935141,0.000000,303233.029173,303156.862540,-236201.074242,306203.800780
828,1335232.750000,346128.808517,0.000000,303233.029173,303156.862540,45086.089278,306203.800780
829,1336758.500000,346142.754755,0.000000,303233.029173,303156.862540,96759.409791,306203.800780
830,1336883.000000,346143.892429,0.000000,303233.029173,303156.862540,-143987.361669,306203.800780
831,1342860.375000,346198.455148,0.004544,303233.029173,303156.862540,-175406.750401,306203.800780
832,1343903.500000,346207.965326,0.000000,303233.029173,303156.862540,254820.268777,306203.800780
833,1372899.375000,346470.932605,0.000000,303233.029173,303156.862540,101704.796891,306203.800780
834,1378560.750000,346521.963889,0.000000,303233.029173,303156.862540,-60972.828468,306203.800780
835,1379050.375000,346526.372547,0.000000,303233.029173,303156.862540,-127285.545587,306203.800780
836,1383259.625000,346564.241815,0.000000,303233.029173,303156.862540,107050.746057,306203.800780
837,1385781.500000,346586.903319,0.000000,303233.029173,303156.862540,218759.684370,306203.800780
838,1414126.000000,346840.216241,0.000000,303233.029173,303156.862540,-51222.460058,306203.800780
839,1430951.625000,346989.379710,0.000000,303233.029173,303156.862540,-35032.125063,306203.800780
840,1445201.250000,347115.004674,0.000000,303233.029173,303156.862540,78663.208103,306203.800780
841,1458337.375000,347230.243652,0.000000,303233.029173,303156.862540,-243591.526415,306203.800780
842,1469853.750000,347330.824199,0.000000,303233.029173,303156.862540,266629.754417,306203.800780
843,1472354.125000,347352.606346,0.000000,303233.029173,303156.862540,308061.618706,306203.800780
844,1475895.500000,347383.423426,0.000000,303233.029173,303156.862540,-235151.260529,306203.800780
845,1476533.125000,347388.967838,0.000000,303233.029173,303156.862540,-11924.743328,306203.800780
846,1483643.750000,347450.710671,0.000000,303233.029173,303156.862540,200627.121376,306203.800780
847,1494142.625000,347541.582566,0.000000,303233.029173,303156.862540,99778.895767,306203.800780
848,1498893.250000,347582.586848,0.000000,303233.029173,303156.862540,149119.926144,306203.800780
849,1504613.500000,347631.865890,0.000000,303233.029173,303156.862540,-215102.757606,306203.800780
850,1511056.375000,347687.246764,0.000000,303233.029173,303156.862540,122583.431338,306203.800780
851,1516190.875000,347731.287653,0.000071,303233.029173,303156.862540,-2546.221151,306203.800780
852,1530045.000000,347849.706600,0.000000,303233.029173,303156.862540,188185.312252,306203.800780
853,1549429.250000,348014.381520,0.000000,303233.029173,303156.862540,-161907.444246,306203.800780
854,1552494.625000,348040.314674,0.000000,303233.029173,303156.862540,-92768.391033,306203.800780
855,1557010.500000,348078.465347,0.000000,303233.029173,303156.862540,61663.071080,306203.800780
856,1578841.000000,348261.989793,0.000000,303233.029173,303156.862540,298434.222988,306203.800780
857,1580435.125000,348275.332724,0.000000,303233.029173,303156.862540,-425738.967660,306203.800780
858,1580877.500000,348279.034021,0.000000,303233.029173,303156.862540,-153575.236685,306203.800780
859,1581106.125000,348280.946657,0.000000,303233.029173,303156.862540,-71782.914215,306203.800780
860,1583552.625000,348301.403391,0.000000,303233.029173,303156.862540,58040.285221,306203.800780
861,1589081.500000,348347.564742,0.000000,303233.029173,303156.862540,-15835.446710,306203.800780
862,1600775.250000,348444.882183,0.000000,303233.029173,303156.862540,231028.180240,306203.800780
863,1606699.375000,348494.020474,nan,303233.029173,303156.862540,243978.442403,306203.800780
864,1615237.500000,348564.647771,0.000000,303233.029173,303156.862540,245046.153662,306203.800780
865,1618333.125000,348590.198459,0.000000,303233.029173,303156.862540,-323968.905919,306203.800780
866,1624225.125000,348638.747143,0.000000,303233.029173,303156.862540,253140.317928,306203.800780
867,1636029.250000,348735.684108,0.000000,303233.029173,303156.862540,20020.249651,306203.800780
868,1640577.750000,348772.920863,0.000000,303233.029173,303156.862540,-9050.531368,306203.800780
869,1650818.625000,348856.522560,0.000000,303233.029173,303156.862540,-18445.623888,306203.800780
870,1659492.125000,348927.073169,0.000000,303233.029173,303156.862540,271170.141801,306203.800780
871,1666461.750000,348983.594508,0.000000,303233.029173,303156.862540,88492.538184,306203.800780
872,1666620.125000,348984.877118,0.000000,303233.029173,303156.862540,182873.819107,306203.800780
873,1674634.875000,349049.683097,0.000000,303233.029173,303156.862540,67857.292369,306203.800780
874,1681503.750000,349105.064589,0.000000,303233.029173,303156.862540,180431.594228,306203.800780
875,1681507.125000,349105.091765,0.000000,303233.029173,303156.862540,166380.688044,306203.800780
876,1682315.875000,349111.602782,0.000000,303233.029173,303156.862540,-210296.340270,306203.800780
877,1688674.250000,349162.721375,0.000000,303233.029173,303156.862540,56586.336106,306203.800780
878,1706179.375000,349302.805652,0.000000,303233.029173,303156.862540,14236.275794,306203.800780
879,1707485.750000,349313.221701,0.000000,303233.029173,303156.862540,-20563.976247,306203.800780
880,1710021.250000,349333.422740,0.000000,303233.029173,303156.862540,-150786.952456,306203.800780
881,1726931.375000,349467.640053,0.000000,303233.029173,303156.862540,-116273.908755,306203.800780
882,1729415.625000,349487.283041,0.000000,303233.029173,303156.862540,190311.210056,306203.800780
883,1732562.125000,349512.134976,0.000000,303233.029173,303156.862540,-93886.492932,306203.800780
884,1741258.375000,349580.660744,0.000000,303233.029173,303156.862540,95187.054854,306203.800780
885,1746858.375000,349624.664256,0.000000,303233.029173,303156.862540,838.611914,306203.800780
886,1748256.875000,349635.638187,0.000000,303233.029173,303156.862540,244358.499080,306203.800780
887,1751717.750000,349662.769388,0.000000,303233.029173,303156.862540,159305.399398,306203.800780
888,1753537.500000,349677.020266,0.000000,303233.029173,303156.862540,277723.490265,306203.800780
889,1754223.250000,349682.387871,0.000000,303233.029173,303156.862540,52446.445669,306203.800780
890,1769510.500000,349801.668652,0.000000,303233.029173,303156.862540,34169.413365,306203.800780
891,1773774.375000,349834.809151,0.000000,303233.029173,303156.862540,-65618.309539,306203.800780
892,1793780.125000,349989.551275,0.000000,303233.029173,303156.862540,164740.015729,306203.800780
893,1795397.875000,350002.010350,0.000000,303233.029173,303156.862540,193505.350075,306203.800780
894,1809887.250000,350113.239846,0.000000,303233.029173,303156.862540,128403.066158,306203.800780
895,1814518.500000,350148.655611,0.000000,303233.029173,303156.862540,23614.218416,306203.800780
896,1819863.500000,350189.447300,0.000000,303233.029173,303156.862540,-211851.703582,306203.800780
897,1845720.875000,350385.541271,0.000201,303233.029173,303156.862540,-5978.470414,306203.800780
898,1858811.875000,350484.034419,0.000000,303233.029173,303156.862540,-3135.643482,306203.800780
899,1866274.625000,350539.946286,0.000000,303233.029173,303156.862540,120619.382437,306203.800780
900,1868123.250000,350553.769964,0.000000,303233.029173,303156.862540,-2743.719271,306203.800780
901,1868523.625000,350556.762511,0.000000,303233.029173,303156.862540,99867.868476,306203.800780
902,1881916.750000,350656.583794,0.000000,303233.029173,303156.862540,-243709.806037,306203.800780
903,1894458.625000,350749.561212,0.000000,303233.029173,303156.862540,-15526.842709,306203.800780
904,1904403.375000,350822.942170,0.000000,303233.029173,303156.862540,-7544.763080,306203.800780
905,1909376.250000,350859.522607,0.000000,303233.029173,303156.862540,-144075.086031,306203.800780
906,1923224.375000,350960.989980,0.000000,303233.029173,303156.862540,176162.585494,306203.800780
907,1930108.500000,351011.212476,0.000000,303233.029173,303156.862540,-1362.333308,306203.800780
908,1976396.750000,351345.140234,0.000000,303233.029173,303156.862540,-493490.400322,306203.800780
909,1978898.000000,351362.998077,0.000000,303233.029173,303156.862540,72670.739648,306203.800780
910,1994129.125000,351471.329705,0.000000,303233.029173,303156.862540,-59263.556879,306203.800780
911,1995799.875000,351483.169880,0.000000,303233.029173,303156.862540,66232.585679,306203.800780
912,2047163.000000,351843.018988,0.000000,303233.029173,303156.862540,147634.493147,306203.800780
913,2051234.375000,351871.199665,0.000000,303233.029173,303156.862540,-22375.282623,306203.800780
914,2051976.375000,351876.330111,0.000000,303233.029173,303156.862540,43786.654881,306203.800780
915,2071459.500000,352010.444771,0.000000,303233.029173,303156.862540,229798.463112,306203.800780
916,2074794.375000,352033.285313,0.000000,303233.029173,303156.862540,-93500.243792,306203.800780
917,2087821.750000,352122.186393,0.000000,303233.029173,303156.862540,-22427.873594,306203.800780
918,2090299.125000,352139.034188,0.000000,303233.029173,303156.862540,-24337.606404,306203.800780
919,2092483.750000,352153.875649,nan,303233.029173,303156.862540,-28170.064096,306203.800780
920,2102199.750000,352219.707013,0.000000,303233.029173,303156.862540,-45165.122365,306203.800780
921,2144311.750000,352501.735377,0.000000,303233.029173,303156.862540,-72955.145945,306203.800780
922,2153757.750000,352564.259787,0.000000,303233.029173,303156.862540,-47032.283484,306203.800780
923,2166011.500000,352644.967504,0.000000,303233.029173,303156.862540,7674.239042,306203.800780
924,2179475.000000,352733.120498,0.000000,303233.029173,303156.862540,62194.119419,306203.800780
925,2205075.500000,352899.233215,0.000000,303233.029173,303156.862540,17866.989049,306203.800780
926,2247772.000000,353171.885534,0.000000,303233.029173,303156.862540,82855.301436,306203.800780
927,2248300.000000,353175.222930,0.000000,303233.029173,303156.862540,-43944.291444,306203.800780
928,2268810.500000,353304.218110,0.000000,303233.029173,303156.862540,-37727.023328,306203.800780
929,2270757.000000,353316.394460,0.000000,303233.029173,303156.862540,9019.781582,306203.800780
930,2273136.000000,353331.260875,0.000000,303233.029173,303156.862540,-85527.126970,306203.800780
931,2281187.500000,353381.448844,nan,303233.029173,303156.862540,50994.428215,306203.800780
932,2285344.500000,353407.284831,0.000000,303233.029173,303156.862540,44188.075238,306203.800780
933,2301869.000000,353509.473151,0.000000,303233.029173,303156.862540,71212.918368,306203.800780
934,2324170.000000,353646.086482,0.000000,303233.029173,303156.862540,50202.342450,306203.800780
935,2331593.000000,353691.228634,0.000000,303233.029173,303156.862540,35225.178525,306203.800780
936,2337866.500000,353729.251685,0.000000,303233.029173,303156.862540,-50951.427933,306203.800780
937,2350469.250000,353805.279955,0.000000,303233.029173,303156.862540,-164191.263943,306203.800780
938,2352504.250000,353817.511919,0.000000,303233.029173,303156.862540,-133300.055875,306203.800780
939,2359259.750000,353858.029094,0.000000,303233.029173,303156.862540,-298179.634021,306203.800780
940,2378133.500000,353970.504926,0.000000,303233.029173,303156.862540,10409.737112,306203.800780
941,2393703.500000,354062.492040,0.000000,303233.029173,303156.862540,-144863.711239,306203.800780
942,2399667.000000,354097.532696,0.000000,303233.029173,303156.862540,206086.835384,306203.800780
943,2413188.000000,354176.587411,0.000000,303233.029173,303156.862540,44015.966550,306203.800780
944,2433252.500000,354292.896876,0.000000,303233.029173,303156.862540,-243847.039050,306203.800780
945,2457491.250000,354431.805369,0.000000,303233.029173,303156.862540,174498.133187,306203.800780
946,2493297.250000,354633.808401,0.000000,303233.029173,303156.862540,-37291.096356,306203.800780
947,2582922.000000,355122.765593,0.000000,303233.029173,303156.862540,67305.909317,306203.800780
948,2584396.000000,355130.608430,0.000000,303233.029173,303156.862540,-70911.288634,306203.800780
949,2593095.500000,355176.765816,0.000000,303233.029173,303156.862540,240393.707130,306203.800780
950,2615820.750000,355296.285595,0.000000,303233.029173,303156.862540,225556.808477,306203.800780
951,2654856.500000,355498.030709,0.000000,303233.029173,303156.862540,-183103.356554,306203.800780
952,2670451.500000,355577.373403,0.000000,303233.029173,303156.862540,-22716.783759,306203.800780
953,2728629.750000,355867.051674,0.000000,303233.029173,303156.862540,84459.634105,306203.800780
954,2729195.750000,355869.821001,0.000000,303233.029173,303156.862540,313695.213773,306203.800780
955,2761480.000000,356026.224613,0.000000,303233.029173,303156.862540,137455.458245,306203.800780
956,2803782.500000,356226.535222,0.000000,303233.029173,303156.862540,-31164.314970,306203.800780
957,2841408.750000,356400.298966,0.000000,303233.029173,303156.862540,-58242.396068,306203.800780
958,2847505.250000,356428.063638,0.000000,303233.029173,303156.862540,163989.814386,306203.800780
959,2894938.500000,356640.374451,0.000000,303233.029173,303156.862540,60069.589666,306203.800780
960,2923890.250000,356766.734579,0.000000,303233.029173,303156.862540,129250.279316,306203.800780
961,2957982.750000,356912.398839,0.000000,303233.029173,303156.862540,-234760.241446,306203.800780
962,2967551.000000,356952.671966,0.000000,303233.029173,303156.862540,110767.484368,306203.800780
963,2997690.250000,357077.787951,0.000000,303233.029173,303156.862540,162875.541195,306203.800780
964,3009941.000000,357127.888918,0.000000,303233.029173,303156.862540,158648.450162,306203.800780
965,3036203.000000,357233.821078,0.000000,303233.029173,303156.862540,34696.573121,306203.800780
966,3036435.000000,357234.747962,0.000000,303233.029173,303156.862540,169339.841079,306203.800780
967,3036731.500000,357235.932308,0.000000,303233.029173,303156.862540,-153136.015119,306203.800780
968,3049594.250000,357287.065839,0.000000,303233.029173,303156.862540,306926.919930,306203.800780
969,3097809.250000,357474.463748,0.000000,303233.029173,303156.862540,-51910.266251,306203.800780
970,3191573.250000,357819.617246,0.000000,303233.029173,303156.862540,-276115.170952,306203.800780
971,3202743.250000,357859.040133,0.000000,303233.029173,303156.862540,113034.719249,306203.800780
972,3220605.250000,357921.332536,0.000000,303233.029173,303156.862540,-76218.234440,306203.800780
973,3222716.750000,357928.635346,0.000000,303233.029173,303156.862540,262514.833317,306203.800780
974,3234026.250000,357967.531180,0.000000,303233.029173,303156.862540,141460.330102,306203.800780
975,3322558.000000,358259.265606,0.000000,303233.029173,303156.862540,-69082.633974,306203.800780
976,3451397.500000,358643.523718,0.000000,303233.029173,303156.862540,-15317.456884,306203.800780
977,3459618.000000,358666.422778,0.000000,303233.029173,303156.862540,155607.089536,306203.800780
978,3479696.500000,358721.538480,0.000000,303233.029173,303156.862540,-124434.101656,306203.800780
979,3545776.750000,358894.768457,0.000000,303233.029173,303156.862540,-70104.181104,306203.800780
980,3558247.250000,358926.056866,0.000000,303233.029173,303156.862540,99236.063178,306203.800780
981,3588841.500000,359000.931891,0.000000,303233.029173,303156.862540,-35546.828008,306203.800780
982,3632476.500000,359103.089071,0.000000,303233.029173,303156.862540,100485.855542,306203.800780
983,3714624.750000,359280.646727,0.000000,303233.029173,303156.862540,330768.970552,306203.800780
984,3766264.750000,359382.400668,0.000000,303233.029173,303156.862540,-64312.361858,306203.800780
985,3779508.000000,359407.270227,0.000000,303233.029173,303156.862540,-108965.606545,306203.800780
986,3795683.250000,359436.967380,0.000000,303233.029173,303156.862540,-75022.732565,306203.800780
987,3822148.250000,359483.947721,0.000000,303233.029173,303156.862540,403586.309597,306203.800780
988,3842507.250000,359518.730470,0.000000,303233.029173,303156.862540,-12475.715307,306203.800780
989,3885005.000000,359587.532061,0.000000,303233.029173,303156.862540,-42398.742664,306203.800780
990,3910576.000000,359626.452100,nan,303233.029173,303156.862540,-14978.748540,306203.800780
991,4004536.250000,359753.484219,0.000000,303233.029173,303156.862540,170323.093518,306203.800780
992,4009598.250000,359759.615120,0.000000,303233.029173,303156.862540,127626.980086,306203.800780
993,4060218.500000,359816.918214,0.000000,303233.029173,303156.862540,126708.728872,306203.800780
994,4282527.000000,359982.402822,0.000000,303233.029173,303156.862540,-12949.096781,306203.800780
995,4451497.500000,360014.359801,0.000000,303233.029173,303156.862540,64.832530,306203.800780
996,4492006.500000,360009.983555,0.000000,303233.029173,303156.862540,131959.758260,306203.800780
997,4641829.000000,359953.342660,nan,303233.029173,303156.862540,-204365.251583,306203.800780
998,4936145.000000,359656.488713,0.000000,303233.029173,303156.862540,155230.683119,306203.800780
999,5277046.000000,359004.435372,0.000000,303233.029173,303156.862540,-29568.452201,306203.800780
