#Sample,Regressor_0_EUR-EURIBOR-3M,RegressionDIM,LocalDIM,ExpectedDIM,ZeroOrderDIM,DeltaNPV,SimpleDIM
0,-0.025335,383073.659079,0.000000,303261.741727,303156.862540,-29568.452201,306203.800780
1,-0.023679,380026.497369,0.000000,303261.741727,303156.862540,155230.683119,306203.800780
2,-0.022724,378257.468401,327393.429096,303261.741727,303156.862540,-204365.251583,306203.800780
3,-0.021765,376473.529172,0.000000,303261.741727,303156.862540,131959.758260,306203.800780
4,-0.021399,375789.565270,0.000000,303261.741727,303156.862540,64.832530,306203.800780
5,-0.020909,374873.789083,0.000000,303261.741727,303156.862540,-12949.096781,306203.800780
6,-0.019813,372814.683770,0.000000,303261.741727,303156.862540,126708.728872,306203.800780
7,-0.019587,372389.480994,0.000000,303261.741727,303156.862540,170323.093518,306203.800780
8,-0.019515,372253.549747,0.000000,303261.741727,303156.862540,127626.980086,306203.800780
9,-0.018972,371228.417514,327381.611435,303261.741727,303156.862540,-14978.748540,306203.800780
10,-0.018747,370802.427923,0.000000,303261.741727,303156.862540,-42398.742664,306203.800780
11,-0.018741,370789.873287,0.000000,303261.741727,303156.862540,-12475.715307,306203.800780
12,-0.018543,370415.155886,0.000000,303261.741727,303156.862540,403586.309597,306203.800780
13,-0.018298,369950.801697,0.000000,303261.741727,303156.862540,-75022.732565,306203.800780
14,-0.018066,369509.448626,0.000000,303261.741727,303156.862540,-108965.606545,306203.800780
15,-0.017980,369346.302184,327378.484178,303261.741727,303156.862540,-64312.361858,306203.800780
16,-0.017890,369175.939282,0.000000,303261.741727,303156.862540,330768.970552,306203.800780
17,-0.017600,368624.042387,0.000000,303261.741727,303156.862540,100485.855542,306203.800780
18,-0.017506,368445.550729,0.000000,303261.741727,303156.862540,-35546.828008,306203.800780
19,-0.017314,368078.607110,0.000000,303261.741727,303156.862540,99236.063178,306203.800780
20,-0.017240,367937.412025,0.000000,303261.741727,303156.862540,-70104.181104,306203.800780
21,-0.016844,367180.288083,327374.904593,303261.741727,303156.862540,-124434.101656,306203.800780
22,-0.016755,367009.788788,0.000000,303261.741727,303156.862540,-15317.456884,306203.800780
23,-0.016351,366237.693794,0.000000,303261.741727,303156.862540,155607.089536,306203.800780
24,-0.016060,365677.751800,0.000000,303261.741727,303156.862540,-69082.633974,306203.800780
25,-0.015889,365350.650121,0.000000,303261.741727,303156.862540,262514.833317,306203.800780
26,-0.015831,365238.181129,0.000000,303261.741727,303156.862540,113034.719249,306203.800780
27,-0.015557,364712.064752,327370.850871,303261.741727,303156.862540,141460.330102,306203.800780
28,-0.015436,364478.946812,0.000000,303261.741727,303156.862540,-76218.234440,306203.800780
29,-0.015090,363811.104288,0.000000,303261.741727,303156.862540,-276115.170952,306203.800780
30,-0.015045,363723.473105,0.000000,303261.741727,303156.862540,306926.919930,306203.800780
31,-0.014905,363454.552815,0.000000,303261.741727,303156.862540,169339.841079,306203.800780
32,-0.014902,363447.349420,0.000000,303261.741727,303156.862540,-51910.266251,306203.800780
33,-0.014859,363365.330435,0.000000,303261.741727,303156.862540,34696.573121,306203.800780
34,-0.014648,362957.862353,0.000000,303261.741727,303156.862540,-234760.241446,306203.800780
35,-0.014540,362748.207092,0.000000,303261.741727,303156.862540,158648.450162,306203.800780
36,-0.014488,362647.795474,0.000000,303261.741727,303156.862540,162875.541195,306203.800780
37,-0.014421,362518.762939,0.000000,303261.741727,303156.862540,110767.484368,306203.800780
38,-0.014339,362358.724123,0.000000,303261.741727,303156.862540,-153136.015119,306203.800780
39,-0.014130,361953.122481,0.000000,303261.741727,303156.862540,129250.279316,306203.800780
40,-0.013998,361698.364026,0.000000,303261.741727,303156.862540,163989.814386,306203.800780
41,-0.013964,361631.286978,0.000000,303261.741727,303156.862540,60069.589666,306203.800780
42,-0.013724,361164.996242,0.000000,303261.741727,303156.862540,313695.213773,306203.800780
43,-0.013710,361137.178636,0.000000,303261.741727,303156.862540,-58242.396068,306203.800780
44,-0.013565,360855.972993,0.000000,303261.741727,303156.862540,-31164.314970,306203.800780
45,-0.013227,360196.776861,0.000000,303261.741727,303156.862540,-22716.783759,306203.800780
46,-0.013183,360112.313168,0.000000,303261.741727,303156.862540,84459.634105,306203.800780
47,-0.013138,360023.361807,0.000000,303261.741727,303156.862540,137455.458245,306203.800780
48,-0.012799,359361.696419,0.000000,303261.741727,303156.862540,-183103.356554,306203.800780
49,-0.012779,359324.069444,0.000000,303261.741727,303156.862540,240393.707130,306203.800780
50,-0.012625,359022.562329,0.000000,303261.741727,303156.862540,225556.808477,306203.800780
51,-0.012421,358622.975817,0.000000,303261.741727,303156.862540,-70911.288634,306203.800780
52,-0.012277,358340.718750,0.000000,303261.741727,303156.862540,67305.909317,306203.800780
53,-0.012048,357891.186343,0.000000,303261.741727,303156.862540,174498.133187,306203.800780
54,-0.011994,357785.567789,327359.619028,303261.741727,303156.862540,-37291.096356,306203.800780
55,-0.011719,357246.859636,0.000000,303261.741727,303156.862540,-243847.039050,306203.800780
56,-0.011660,357129.496713,0.000000,303261.741727,303156.862540,-144863.711239,306203.800780
57,-0.011547,356908.206646,0.000000,303261.741727,303156.862540,44015.966550,306203.800780
58,-0.011365,356550.217105,0.000000,303261.741727,303156.862540,-133300.055875,306203.800780
59,-0.011362,356544.050705,0.000000,303261.741727,303156.862540,-164191.263943,306203.800780
60,-0.011269,356361.163280,0.000000,303261.741727,303156.862540,206086.835384,306203.800780
61,-0.011203,356229.667760,0.000000,303261.741727,303156.862540,-298179.634021,306203.800780
62,-0.011202,356228.547201,0.000000,303261.741727,303156.862540,-50951.427933,306203.800780
63,-0.011125,356077.168377,0.000000,303261.741727,303156.862540,50202.342450,306203.800780
64,-0.011125,356076.987308,0.000000,303261.741727,303156.862540,71212.918368,306203.800780
65,-0.011086,355998.894732,0.000000,303261.741727,303156.862540,10409.737112,306203.800780
66,-0.011065,355957.713556,0.000000,303261.741727,303156.862540,35225.178525,306203.800780
67,-0.011010,355849.011100,0.000000,303261.741727,303156.862540,44188.075238,306203.800780
68,-0.010868,355568.714741,327356.069104,303261.741727,303156.862540,50994.428215,306203.800780
69,-0.010820,355475.066668,327355.919621,303261.741727,303156.862540,-37727.023328,306203.800780
70,-0.010784,355404.294613,0.000000,303261.741727,303156.862540,-43944.291444,306203.800780
71,-0.010766,355367.988266,0.000000,303261.741727,303156.862540,9019.781582,306203.800780
72,-0.010731,355298.550458,0.000000,303261.741727,303156.862540,82855.301436,306203.800780
73,-0.010667,355172.876769,0.000000,303261.741727,303156.862540,-85527.126970,306203.800780
74,-0.010633,355105.997438,0.000000,303261.741727,303156.862540,62194.119419,306203.800780
75,-0.010563,354967.492551,327355.110098,303261.741727,303156.862540,7674.239042,306203.800780
76,-0.010407,354658.858275,327354.618419,303261.741727,303156.862540,17866.989049,306203.800780
77,-0.010057,353964.457316,0.000000,303261.741727,303156.862540,-72955.145945,306203.800780
78,-0.010051,353952.588760,0.000000,303261.741727,303156.862540,-45165.122365,306203.800780
79,-0.010042,353934.186158,327353.465618,303261.741727,303156.862540,-28170.064096,306203.800780
80,-0.009994,353838.588735,0.000000,303261.741727,303156.862540,229798.463112,306203.800780
81,-0.009933,353718.310684,0.000000,303261.741727,303156.862540,-47032.283484,306203.800780
82,-0.009921,353693.771772,0.000000,303261.741727,303156.862540,-93500.243792,306203.800780
83,-0.009883,353619.851812,0.000000,303261.741727,303156.862540,-24337.606404,306203.800780
84,-0.009659,353173.041131,0.000000,303261.741727,303156.862540,43786.654881,306203.800780
85,-0.009578,353011.979649,0.000000,303261.741727,303156.862540,-22375.282623,306203.800780
86,-0.009557,352971.124919,0.000000,303261.741727,303156.862540,-22427.873594,306203.800780
87,-0.009528,352913.555200,0.000000,303261.741727,303156.862540,147634.493147,306203.800780
88,-0.009508,352872.638483,0.000000,303261.741727,303156.862540,72670.739648,306203.800780
89,-0.009401,352659.763531,0.000000,303261.741727,303156.862540,-59263.556879,306203.800780
90,-0.009083,352026.000108,0.000000,303261.741727,303156.862540,66232.585679,306203.800780
91,-0.009082,352025.137293,0.000000,303261.741727,303156.862540,-493490.400322,306203.800780
92,-0.009070,352000.077049,0.000000,303261.741727,303156.862540,-1362.333308,306203.800780
93,-0.009026,351912.137614,0.000000,303261.741727,303156.862540,-7544.763080,306203.800780
94,-0.008879,351619.494093,0.000000,303261.741727,303156.862540,-144075.086031,306203.800780
95,-0.008836,351534.753253,0.000000,303261.741727,303156.862540,176162.585494,306203.800780
96,-0.008818,351498.739420,0.000000,303261.741727,303156.862540,99867.868476,306203.800780
97,-0.008790,351441.883722,327349.518651,303261.741727,303156.862540,128403.066158,306203.800780
98,-0.008779,351420.230503,0.000000,303261.741727,303156.862540,-243709.806037,306203.800780
99,-0.008658,351177.131993,0.000000,303261.741727,303156.862540,120619.382437,306203.800780
100,-0.008657,351176.692025,327349.100297,303261.741727,303156.862540,-5978.470414,306203.800780
101,-0.008642,351145.570374,0.000000,303261.741727,303156.862540,-15526.842709,306203.800780
102,-0.008530,350922.477883,0.000000,303261.741727,303156.862540,-3135.643482,306203.800780
103,-0.008436,350734.675726,0.000000,303261.741727,303156.862540,190311.210056,306203.800780
104,-0.008361,350583.903091,0.000000,303261.741727,303156.862540,-2743.719271,306203.800780
105,-0.008329,350519.713331,0.000000,303261.741727,303156.862540,193505.350075,306203.800780
106,-0.008300,350462.044373,0.000000,303261.741727,303156.862540,34169.413365,306203.800780
107,-0.008273,350408.227825,0.000000,303261.741727,303156.862540,164740.015729,306203.800780
108,-0.008265,350390.703833,0.000000,303261.741727,303156.862540,-211851.703582,306203.800780
109,-0.008254,350369.339197,327347.828573,303261.741727,303156.862540,-65618.309539,306203.800780
110,-0.008211,350283.232562,0.000000,303261.741727,303156.862540,23614.218416,306203.800780
111,-0.008090,350040.175139,0.000000,303261.741727,303156.862540,277723.490265,306203.800780
112,-0.008054,349969.235497,0.000000,303261.741727,303156.862540,159305.399398,306203.800780
113,-0.008042,349944.479549,0.000000,303261.741727,303156.862540,244358.499080,306203.800780
114,-0.008019,349897.455385,0.000000,303261.741727,303156.862540,95187.054854,306203.800780
115,-0.007965,349789.356913,0.000000,303261.741727,303156.862540,180431.594228,306203.800780
116,-0.007913,349684.532414,0.000000,303261.741727,303156.862540,-116273.908755,306203.800780
117,-0.007896,349651.432573,0.000000,303261.741727,303156.862540,-93886.492932,306203.800780
118,-0.007884,349626.740013,0.000000,303261.741727,303156.862540,-20563.976247,306203.800780
119,-0.007867,349593.844889,0.000000,303261.741727,303156.862540,-150786.952456,306203.800780
120,-0.007831,349521.023982,0.000000,303261.741727,303156.862540,166380.688044,306203.800780
121,-0.007778,349414.132124,0.000000,303261.741727,303156.862540,245046.153662,306203.800780
122,-0.007758,349374.139909,0.000000,303261.741727,303156.862540,838.611914,306203.800780
123,-0.007725,349307.084986,0.000000,303261.741727,303156.862540,52446.445669,306203.800780
124,-0.007714,349286.366962,0.000000,303261.741727,303156.862540,56586.336106,306203.800780
125,-0.007678,349212.245578,0.000000,303261.741727,303156.862540,182873.819107,306203.800780
126,-0.007654,349164.939904,0.000000,303261.741727,303156.862540,67857.292369,306203.800780
127,-0.007636,349128.840244,0.000000,303261.741727,303156.862540,88492.538184,306203.800780
128,-0.007631,349118.777201,0.000000,303261.741727,303156.862540,-210296.340270,306203.800780
129,-0.007592,349041.017068,0.000000,303261.741727,303156.862540,253140.317928,306203.800780
130,-0.007528,348911.667577,0.000000,303261.741727,303156.862540,14236.275794,306203.800780
131,-0.007458,348770.871077,0.000000,303261.741727,303156.862540,-18445.623888,306203.800780
132,-0.007424,348702.157169,327345.211609,303261.741727,303156.862540,243978.442403,306203.800780
133,-0.007368,348588.754570,0.000000,303261.741727,303156.862540,271170.141801,306203.800780
134,-0.007350,348552.305405,327344.976991,303261.741727,303156.862540,58040.285221,306203.800780
135,-0.007234,348319.959625,0.000000,303261.741727,303156.862540,61663.071080,306203.800780
136,-0.007209,348269.229328,0.000000,303261.741727,303156.862540,231028.180240,306203.800780
137,-0.007201,348253.536864,0.000000,303261.741727,303156.862540,298434.222988,306203.800780
138,-0.007199,348249.274071,0.000000,303261.741727,303156.862540,-323968.905919,306203.800780
139,-0.007166,348183.042844,0.000000,303261.741727,303156.862540,-425738.967660,306203.800780
140,-0.007141,348130.876776,0.000000,303261.741727,303156.862540,-153575.236685,306203.800780
141,-0.007114,348077.033824,0.000000,303261.741727,303156.862540,-9050.531368,306203.800780
142,-0.007083,348014.280573,0.000000,303261.741727,303156.862540,-15835.446710,306203.800780
143,-0.006967,347781.516431,0.000000,303261.741727,303156.862540,20020.249651,306203.800780
144,-0.006821,347486.052592,0.000000,303261.741727,303156.862540,149119.926144,306203.800780
145,-0.006791,347424.951207,327343.215123,303261.741727,303156.862540,-71782.914215,306203.800780
146,-0.006742,347325.139672,0.000000,303261.741727,303156.862540,-161907.444246,306203.800780
147,-0.006673,347185.525199,0.000000,303261.741727,303156.862540,308061.618706,306203.800780
148,-0.006620,347079.597345,0.000000,303261.741727,303156.862540,-92768.391033,306203.800780
149,-0.006611,347061.725760,0.000000,303261.741727,303156.862540,-11924.743328,306203.800780
150,-0.006583,347004.133805,0.000000,303261.741727,303156.862540,200627.121376,306203.800780
151,-0.006534,346905.228455,327342.404780,303261.741727,303156.862540,122583.431338,306203.800780
152,-0.006530,346896.441349,0.000000,303261.741727,303156.862540,-215102.757606,306203.800780
153,-0.006493,346822.970753,327342.276635,303261.741727,303156.862540,-2546.221151,306203.800780
154,-0.006474,346783.166023,0.000000,303261.741727,303156.862540,99778.895767,306203.800780
155,-0.006402,346638.268088,0.000000,303261.741727,303156.862540,-51222.460058,306203.800780
156,-0.006401,346635.401472,0.000000,303261.741727,303156.862540,266629.754417,306203.800780
157,-0.006387,346608.470400,0.000000,303261.741727,303156.862540,78663.208103,306203.800780
158,-0.006302,346435.830484,0.000000,303261.741727,303156.862540,188185.312252,306203.800780
159,-0.006256,346342.645632,0.000000,303261.741727,303156.862540,-127285.545587,306203.800780
160,-0.006235,346299.878400,0.000000,303261.741727,303156.862540,-243591.526415,306203.800780
161,-0.006224,346277.747437,0.000000,303261.741727,303156.862540,-235151.260529,306203.800780
162,-0.006177,346181.245698,0.000000,303261.741727,303156.862540,-35032.125063,306203.800780
163,-0.006077,345979.391996,0.000000,303261.741727,303156.862540,101704.796891,306203.800780
164,-0.006018,345860.250481,0.000000,303261.741727,303156.862540,107050.746057,306203.800780
165,-0.005975,345772.774255,0.000000,303261.741727,303156.862540,218759.684370,306203.800780
166,-0.005974,345770.890171,0.000000,303261.741727,303156.862540,-60972.828468,306203.800780
167,-0.005871,345560.302488,0.000000,303261.741727,303156.862540,45086.089278,306203.800780
168,-0.005870,345558.419720,0.000000,303261.741727,303156.862540,-236201.074242,306203.800780
169,-0.005795,345407.015576,0.000000,303261.741727,303156.862540,-9557.078890,306203.800780
170,-0.005743,345301.060857,0.000000,303261.741727,303156.862540,-143987.361669,306203.800780
171,-0.005682,345176.764245,0.000000,303261.741727,303156.862540,96759.409791,306203.800780
172,-0.005598,345005.816775,0.000000,303261.741727,303156.862540,-76947.510327,306203.800780
173,-0.005573,344955.624516,0.000000,303261.741727,303156.862540,125848.740016,306203.800780
174,-0.005431,344666.452679,0.000000,303261.741727,303156.862540,12238.500687,306203.800780
175,-0.005420,344643.400570,0.000000,303261.741727,303156.862540,254820.268777,306203.800780
176,-0.005415,344632.297941,0.000000,303261.741727,303156.862540,-25484.841680,306203.800780
177,-0.005405,344612.359136,327338.844074,303261.741727,303156.862540,-175406.750401,306203.800780
178,-0.005395,344592.487780,0.000000,303261.741727,303156.862540,-198471.710108,306203.800780
179,-0.005388,344576.950427,0.000000,303261.741727,303156.862540,22491.281352,306203.800780
180,-0.005387,344575.708262,0.000000,303261.741727,303156.862540,-2729.968822,306203.800780
181,-0.005380,344561.386892,327338.765182,303261.741727,303156.862540,111712.944770,306203.800780
182,-0.005337,344473.010181,0.000000,303261.741727,303156.862540,219663.424698,306203.800780
183,-0.005323,344446.380095,0.000000,303261.741727,303156.862540,-11.047118,306203.800780
184,-0.005307,344413.823825,0.000000,303261.741727,303156.862540,130375.764257,306203.800780
185,-0.005273,344342.647685,0.000000,303261.741727,303156.862540,103440.987830,306203.800780
186,-0.005264,344325.557266,0.000000,303261.741727,303156.862540,-90796.342810,306203.800780
187,-0.005259,344315.633987,0.000000,303261.741727,303156.862540,-20202.028059,306203.800780
188,-0.005254,344305.604148,0.000000,303261.741727,303156.862540,-17056.827540,306203.800780
189,-0.005233,344261.015002,0.000000,303261.741727,303156.862540,68890.273623,306203.800780
190,-0.005217,344229.608270,0.000000,303261.741727,303156.862540,-136872.791252,306203.800780
191,-0.005211,344217.820860,0.000000,303261.741727,303156.862540,330600.177215,306203.800780
192,-0.005208,344211.542956,0.000000,303261.741727,303156.862540,-157940.357497,306203.800780
193,-0.005173,344138.718656,0.000000,303261.741727,303156.862540,-36910.466812,306203.800780
194,-0.005170,344132.886987,0.000000,303261.741727,303156.862540,141661.264553,306203.800780
195,-0.005139,344070.591781,0.000000,303261.741727,303156.862540,220146.893605,306203.800780
196,-0.005127,344046.182848,0.000000,303261.741727,303156.862540,-187604.621145,306203.800780
197,-0.005127,344044.845036,0.000000,303261.741727,303156.862540,505356.786384,306203.800780
198,-0.005105,343999.940883,0.000000,303261.741727,303156.862540,-36132.217774,306203.800780
199,-0.005102,343994.759195,0.000000,303261.741727,303156.862540,94444.815452,306203.800780
200,-0.005094,343978.250424,0.000000,303261.741727,303156.862540,174647.498077,306203.800780
201,-0.005090,343970.005534,0.000000,303261.741727,303156.862540,155395.495691,306203.800780
202,-0.005007,343801.578109,0.000000,303261.741727,303156.862540,45631.348300,306203.800780
203,-0.004979,343743.791191,0.000000,303261.741727,303156.862540,59825.368864,306203.800780
204,-0.004969,343722.501633,0.000000,303261.741727,303156.862540,-79649.408633,306203.800780
205,-0.004930,343643.335852,0.000000,303261.741727,303156.862540,94229.072066,306203.800780
206,-0.004883,343548.067078,0.000000,303261.741727,303156.862540,-266181.558445,306203.800780
207,-0.004880,343541.308157,0.000000,303261.741727,303156.862540,-102606.703487,306203.800780
208,-0.004875,343530.896946,0.000000,303261.741727,303156.862540,-131146.975468,306203.800780
209,-0.004814,343406.310420,0.000000,303261.741727,303156.862540,69005.986461,306203.800780
210,-0.004767,343310.764150,327336.833140,303261.741727,303156.862540,-54950.907123,306203.800780
211,-0.004762,343300.314321,0.000000,303261.741727,303156.862540,38744.660671,306203.800780
212,-0.004688,343149.321883,0.000000,303261.741727,303156.862540,-152855.936347,306203.800780
213,-0.004683,343139.131396,0.000000,303261.741727,303156.862540,36012.613803,306203.800780
214,-0.004667,343104.635061,0.000000,303261.741727,303156.862540,-49127.398543,306203.800780
215,-0.004549,342864.753656,0.000000,303261.741727,303156.862540,-221782.599312,306203.800780
216,-0.004487,342737.299974,0.000000,303261.741727,303156.862540,47777.379021,306203.800780
217,-0.004461,342684.102952,327335.867643,303261.741727,303156.862540,-73056.450620,306203.800780
218,-0.004398,342555.389802,0.000000,303261.741727,303156.862540,-20754.303847,306203.800780
219,-0.004301,342355.075490,0.000000,303261.741727,303156.862540,-278059.949237,306203.800780
220,-0.004287,342326.561660,0.000000,303261.741727,303156.862540,15823.092419,306203.800780
221,-0.004283,342318.835197,0.000000,303261.741727,303156.862540,90663.400882,306203.800780
222,-0.004275,342302.151412,0.000000,303261.741727,303156.862540,363859.285495,306203.800780
223,-0.004272,342297.213098,0.000000,303261.741727,303156.862540,144880.803275,306203.800780
224,-0.004270,342291.681420,327335.263926,303261.741727,303156.862540,-33607.656530,306203.800780
225,-0.004238,342226.348297,0.000000,303261.741727,303156.862540,172809.958002,306203.800780
226,-0.004225,342200.305892,0.000000,303261.741727,303156.862540,220087.573119,306203.800780
227,-0.004224,342198.658876,0.000000,303261.741727,303156.862540,47055.426008,306203.800780
228,-0.004198,342145.071991,0.000000,303261.741727,303156.862540,-369394.454316,306203.800780
229,-0.004184,342115.655337,0.000000,303261.741727,303156.862540,-106608.502637,306203.800780
230,-0.004169,342084.599887,0.000000,303261.741727,303156.862540,190728.665289,306203.800780
231,-0.004106,341955.296194,0.000000,303261.741727,303156.862540,-104791.539272,306203.800780
232,-0.004101,341945.000435,0.000000,303261.741727,303156.862540,245654.718982,306203.800780
233,-0.004096,341934.830008,327334.715524,303261.741727,303156.862540,31421.815443,306203.800780
234,-0.004083,341909.227613,0.000000,303261.741727,303156.862540,-83229.971237,306203.800780
235,-0.004083,341908.464676,0.000000,303261.741727,303156.862540,230715.502513,306203.800780
236,-0.004045,341829.950526,0.000000,303261.741727,303156.862540,-144873.983774,306203.800780
237,-0.004001,341740.632763,0.000000,303261.741727,303156.862540,97451.998868,306203.800780
238,-0.003993,341723.550211,0.000000,303261.741727,303156.862540,-111697.012618,306203.800780
239,-0.003942,341618.523204,0.000000,303261.741727,303156.862540,230974.859868,306203.800780
240,-0.003882,341496.199672,0.000000,303261.741727,303156.862540,10811.141976,306203.800780
241,-0.003853,341435.267097,0.000000,303261.741727,303156.862540,124392.883656,306203.800780
242,-0.003803,341332.535508,0.000000,303261.741727,303156.862540,-476.390073,306203.800780
243,-0.003777,341279.072127,327333.709243,303261.741727,303156.862540,33550.303483,306203.800780
244,-0.003764,341253.374053,0.000000,303261.741727,303156.862540,-129636.375447,306203.800780
245,-0.003713,341148.641011,327333.509320,303261.741727,303156.862540,172481.131900,306203.800780
246,-0.003713,341147.619702,0.000000,303261.741727,303156.862540,190052.198840,306203.800780
247,-0.003694,341107.644123,0.000000,303261.741727,303156.862540,-124469.574817,306203.800780
248,-0.003663,341045.368276,0.000000,303261.741727,303156.862540,116020.737368,306203.800780
249,-0.003580,340874.707735,0.000000,303261.741727,303156.862540,-84924.908250,306203.800780
250,-0.003514,340738.363010,0.000000,303261.741727,303156.862540,5908.427278,306203.800780
251,-0.003488,340683.980831,0.000000,303261.741727,303156.862540,29068.047261,306203.800780
252,-0.003481,340668.856517,0.000000,303261.741727,303156.862540,-745.070802,306203.800780
253,-0.003472,340652.196795,327332.749067,303261.741727,303156.862540,37003.898218,306203.800780
254,-0.003452,340609.555023,0.000000,303261.741727,303156.862540,-35855.149278,306203.800780
255,-0.003395,340493.410088,0.000000,303261.741727,303156.862540,91195.400325,306203.800780
256,-0.003366,340431.744548,0.000000,303261.741727,303156.862540,41304.098695,306203.800780
257,-0.003356,340412.892183,0.000000,303261.741727,303156.862540,170106.457140,306203.800780
258,-0.003306,340309.700162,0.000000,303261.741727,303156.862540,-253433.114440,306203.800780
259,-0.003258,340209.924704,0.000000,303261.741727,303156.862540,-84821.051864,306203.800780
260,-0.003204,340099.089563,0.000000,303261.741727,303156.862540,-35530.562183,306203.800780
261,-0.003136,339958.362467,0.000000,303261.741727,303156.862540,-154654.723730,306203.800780
262,-0.003067,339814.823405,0.000000,303261.741727,303156.862540,-195476.826103,306203.800780
263,-0.003064,339809.757785,0.000000,303261.741727,303156.862540,-290120.736544,306203.800780
264,-0.003064,339808.396862,0.000000,303261.741727,303156.862540,-47626.468636,306203.800780
265,-0.003051,339781.449029,0.000000,303261.741727,303156.862540,45650.679925,306203.800780
266,-0.003008,339694.210535,0.000000,303261.741727,303156.862540,97645.660095,306203.800780
267,-0.003002,339682.002466,0.000000,303261.741727,303156.862540,-96715.774248,306203.800780
268,-0.002951,339576.553554,0.000000,303261.741727,303156.862540,242179.634108,306203.800780
269,-0.002867,339402.849759,0.000000,303261.741727,303156.862540,-68723.189427,306203.800780
270,-0.002834,339334.034763,0.000000,303261.741727,303156.862540,126507.727409,306203.800780
271,-0.002748,339155.477275,0.000000,303261.741727,303156.862540,-22464.863106,306203.800780
272,-0.002678,339011.104179,0.000000,303261.741727,303156.862540,-60190.545158,306203.800780
273,-0.002651,338955.540973,0.000000,303261.741727,303156.862540,-131938.993986,306203.800780
274,-0.002632,338915.388039,0.000000,303261.741727,303156.862540,331203.829980,306203.800780
275,-0.002618,338886.809232,0.000000,303261.741727,303156.862540,-198818.014302,306203.800780
276,-0.002607,338863.074587,0.000000,303261.741727,303156.862540,-7155.390754,306203.800780
277,-0.002587,338822.763663,0.000000,303261.741727,303156.862540,-140034.261901,306203.800780
278,-0.002579,338806.448467,0.000000,303261.741727,303156.862540,-125114.634052,306203.800780
279,-0.002574,338794.529319,327329.913942,303261.741727,303156.862540,-56558.562485,306203.800780
280,-0.002553,338751.033202,0.000000,303261.741727,303156.862540,225781.387643,306203.800780
281,-0.002550,338744.905927,0.000000,303261.741727,303156.862540,176904.672099,306203.800780
282,-0.002510,338662.526796,0.000000,303261.741727,303156.862540,-14597.203363,306203.800780
283,-0.002506,338654.798655,0.000000,303261.741727,303156.862540,297648.787989,306203.800780
284,-0.002477,338593.242003,0.000000,303261.741727,303156.862540,-25612.818906,306203.800780
285,-0.002470,338580.498853,0.000000,303261.741727,303156.862540,258404.697762,306203.800780
286,-0.002454,338546.523967,0.000000,303261.741727,303156.862540,43691.417589,306203.800780
287,-0.002431,338499.569182,0.000000,303261.741727,303156.862540,126318.216722,306203.800780
288,-0.002430,338496.301951,0.000000,303261.741727,303156.862540,-112164.971712,306203.800780
289,-0.002426,338488.450623,0.000000,303261.741727,303156.862540,-19291.546827,306203.800780
290,-0.002392,338417.848576,0.000000,303261.741727,303156.862540,-48670.094002,306203.800780
291,-0.002384,338402.155501,0.000000,303261.741727,303156.862540,306105.803605,306203.800780
292,-0.002371,338373.662935,0.000000,303261.741727,303156.862540,-250154.444674,306203.800780
293,-0.002351,338333.612761,0.000000,303261.741727,303156.862540,-34938.298663,306203.800780
294,-0.002307,338242.277541,0.000000,303261.741727,303156.862540,154395.277526,306203.800780
295,-0.002305,338236.208552,0.000000,303261.741727,303156.862540,219806.462427,306203.800780
296,-0.002280,338185.914221,0.000000,303261.741727,303156.862540,26283.233465,306203.800780
297,-0.002273,338170.916474,0.000000,303261.741727,303156.862540,4561.526425,306203.800780
298,-0.002252,338127.964617,0.000000,303261.741727,303156.862540,-46085.015616,306203.800780
299,-0.002240,338103.011336,0.000000,303261.741727,303156.862540,152440.130922,306203.800780
300,-0.002224,338068.821573,0.000000,303261.741727,303156.862540,-9199.109017,306203.800780
301,-0.002201,338021.688855,0.000000,303261.741727,303156.862540,-78493.931743,306203.800780
302,-0.002198,338014.170628,0.000000,303261.741727,303156.862540,-130952.326639,306203.800780
303,-0.002168,337952.826952,0.000000,303261.741727,303156.862540,35004.202282,306203.800780
304,-0.002161,337937.828806,0.000000,303261.741727,303156.862540,151503.380737,306203.800780
305,-0.002135,337884.446244,0.000000,303261.741727,303156.862540,49410.556344,306203.800780
306,-0.002110,337832.032828,0.000000,303261.741727,303156.862540,-175830.584002,306203.800780
307,-0.002107,337826.593888,0.000000,303261.741727,303156.862540,-51227.419644,306203.800780
308,-0.002102,337814.825473,0.000000,303261.741727,303156.862540,97270.226427,306203.800780
309,-0.002072,337752.333149,0.000000,303261.741727,303156.862540,239897.935996,306203.800780
310,-0.002065,337739.009209,0.000000,303261.741727,303156.862540,-510121.494662,306203.800780
311,-0.001942,337482.123913,0.000000,303261.741727,303156.862540,357455.710074,306203.800780
312,-0.001937,337471.665908,0.000000,303261.741727,303156.862540,36717.011362,306203.800780
313,-0.001870,337333.492535,0.000000,303261.741727,303156.862540,10043.071984,306203.800780
314,-0.001858,337308.933790,0.000000,303261.741727,303156.862540,-118281.675340,306203.800780
315,-0.001839,337269.294543,0.000000,303261.741727,303156.862540,-25122.306097,306203.800780
316,-0.001809,337206.581342,0.000000,303261.741727,303156.862540,154395.615827,306203.800780
317,-0.001800,337187.003624,327327.472938,303261.741727,303156.862540,-91267.512499,306203.800780
318,-0.001784,337154.834531,327327.424207,303261.741727,303156.862540,-40836.673015,306203.800780
319,-0.001778,337141.788342,0.000000,303261.741727,303156.862540,-125012.820269,306203.800780
320,-0.001763,337110.864725,0.000000,303261.741727,303156.862540,-196825.253039,306203.800780
321,-0.001756,337094.980383,0.000000,303261.741727,303156.862540,-100199.654452,306203.800780
322,-0.001750,337082.764579,0.000000,303261.741727,303156.862540,-44092.146839,306203.800780
323,-0.001742,337065.663924,0.000000,303261.741727,303156.862540,61177.475953,306203.800780
324,-0.001722,337025.430987,0.000000,303261.741727,303156.862540,12985.473624,306203.800780
325,-0.001698,336974.242931,0.000000,303261.741727,303156.862540,-236957.904715,306203.800780
326,-0.001687,336951.233124,327327.115889,303261.741727,303156.862540,-131521.841040,306203.800780
327,-0.001671,336917.941960,0.000000,303261.741727,303156.862540,135603.757948,306203.800780
328,-0.001657,336889.981739,0.000000,303261.741727,303156.862540,-83316.851183,306203.800780
329,-0.001617,336806.978672,0.000000,303261.741727,303156.862540,48860.468244,306203.800780
330,-0.001597,336764.360740,0.000000,303261.741727,303156.862540,-188636.831389,306203.800780
331,-0.001574,336715.518680,0.000000,303261.741727,303156.862540,42616.561948,306203.800780
332,-0.001572,336711.636310,0.000000,303261.741727,303156.862540,-176926.364919,306203.800780
333,-0.001563,336692.954900,0.000000,303261.741727,303156.862540,-20030.082455,306203.800780
334,-0.001527,336617.271640,0.000000,303261.741727,303156.862540,27729.380878,306203.800780
335,-0.001518,336600.490834,0.000000,303261.741727,303156.862540,-163882.891991,306203.800780
336,-0.001505,336572.624728,0.000000,303261.741727,303156.862540,95875.422135,306203.800780
337,-0.001489,336538.809588,0.000000,303261.741727,303156.862540,-51960.215137,306203.800780
338,-0.001465,336488.870574,327326.416406,303261.741727,303156.862540,102105.741680,306203.800780
339,-0.001419,336392.852611,0.000000,303261.741727,303156.862540,205932.404838,306203.800780
340,-0.001392,336336.331934,0.000000,303261.741727,303156.862540,-66218.944890,306203.800780
341,-0.001341,336229.721142,0.000000,303261.741727,303156.862540,110456.151526,306203.800780
342,-0.001317,336179.074055,0.000000,303261.741727,303156.862540,-33432.701312,306203.800780
343,-0.001313,336170.684975,0.000000,303261.741727,303156.862540,-195248.308026,306203.800780
344,-0.001296,336136.420239,0.000000,303261.741727,303156.862540,26919.341109,306203.800780
345,-0.001267,336076.189514,0.000000,303261.741727,303156.862540,-49620.968439,306203.800780
346,-0.001257,336053.877587,0.000000,303261.741727,303156.862540,67293.378720,306203.800780
347,-0.001250,336040.647017,0.000000,303261.741727,303156.862540,-102051.651783,306203.800780
348,-0.001199,335933.349760,327325.577244,303261.741727,303156.862540,-94339.062571,306203.800780
349,-0.001197,335929.663300,0.000000,303261.741727,303156.862540,-16397.081075,306203.800780
350,-0.001173,335878.373241,0.000000,303261.741727,303156.862540,-174327.758052,306203.800780
351,-0.001141,335813.017076,0.000000,303261.741727,303156.862540,-17571.136998,306203.800780
352,-0.001086,335697.672633,0.000000,303261.741727,303156.862540,-97416.466062,306203.800780
353,-0.001050,335622.120384,0.000000,303261.741727,303156.862540,90114.044901,306203.800780
354,-0.001044,335609.999314,0.000000,303261.741727,303156.862540,143254.510543,306203.800780
355,-0.001029,335577.223325,0.000000,303261.741727,303156.862540,43578.516877,306203.800780
356,-0.000993,335502.896258,0.000000,303261.741727,303156.862540,-125343.088951,306203.800780
357,-0.000971,335456.630404,0.000000,303261.741727,303156.862540,22663.255381,306203.800780
358,-0.000915,335339.304906,0.000000,303261.741727,303156.862540,-55742.233742,306203.800780
359,-0.000891,335289.558999,0.000000,303261.741727,303156.862540,132249.410706,306203.800780
360,-0.000860,335224.226902,0.000000,303261.741727,303156.862540,-61128.281789,306203.800780
361,-0.000859,335221.734067,0.000000,303261.741727,303156.862540,339725.057798,306203.800780
362,-0.000857,335217.654159,327324.498144,303261.741727,303156.862540,-89486.078326,306203.800780
363,-0.000852,335207.486097,0.000000,303261.741727,303156.862540,31268.224642,306203.800780
364,-0.000821,335142.402662,0.000000,303261.741727,303156.862540,88575.204343,306203.800780
365,-0.000807,335112.542574,0.000000,303261.741727,303156.862540,58064.368844,306203.800780
366,-0.000762,335019.194991,0.000000,303261.741727,303156.862540,-54800.858236,306203.800780
367,-0.000736,334963.791505,0.000000,303261.741727,303156.862540,-172946.973202,306203.800780
368,-0.000720,334930.279754,0.000000,303261.741727,303156.862540,239251.297826,306203.800780
369,-0.000719,334928.598173,0.000000,303261.741727,303156.862540,12573.729163,306203.800780
370,-0.000694,334876.203084,0.000000,303261.741727,303156.862540,17516.751400,306203.800780
371,-0.000684,334855.049768,0.000000,303261.741727,303156.862540,21055.211506,306203.800780
372,-0.000680,334847.501687,0.000000,303261.741727,303156.862540,-77192.669403,306203.800780
373,-0.000634,334750.556762,0.000000,303261.741727,303156.862540,-169723.260421,306203.800780
374,-0.000611,334702.876400,0.000000,303261.741727,303156.862540,127727.880142,306203.800780
375,-0.000505,334479.626448,0.000000,303261.741727,303156.862540,-155038.957064,306203.800780
376,-0.000423,334308.202438,0.000000,303261.741727,303156.862540,174614.606913,306203.800780
377,-0.000411,334282.438232,0.000000,303261.741727,303156.862540,-212067.503112,306203.800780
378,-0.000407,334274.135833,327323.079017,303261.741727,303156.862540,21676.766759,306203.800780
379,-0.000389,334236.572499,0.000000,303261.741727,303156.862540,-103379.999563,306203.800780
380,-0.000386,334230.772618,0.000000,303261.741727,303156.862540,111162.353917,306203.800780
381,-0.000348,334149.220456,327322.891430,303261.741727,303156.862540,146932.198508,306203.800780
382,-0.000342,334137.116992,0.000000,303261.741727,303156.862540,-215291.197399,306203.800780
383,-0.000240,333922.591843,0.000000,303261.741727,303156.862540,140289.616518,306203.800780
384,-0.000239,333920.452287,0.000000,303261.741727,303156.862540,51278.255281,306203.800780
385,-0.000238,333919.402941,0.000000,303261.741727,303156.862540,-63542.472427,306203.800780
386,-0.000200,333839.016755,0.000000,303261.741727,303156.862540,11727.205249,306203.800780
387,-0.000190,333818.634569,0.000000,303261.741727,303156.862540,323784.111390,306203.800780
388,-0.000180,333797.164497,0.000000,303261.741727,303156.862540,-93078.537039,306203.800780
389,-0.000175,333785.470509,0.000000,303261.741727,303156.862540,299513.992307,306203.800780
390,-0.000151,333736.159794,0.000000,303261.741727,303156.862540,-130979.637799,306203.800780
391,-0.000128,333687.003374,0.000000,303261.741727,303156.862540,223230.043183,306203.800780
392,-0.000127,333685.369770,0.000000,303261.741727,303156.862540,378391.312262,306203.800780
393,-0.000116,333661.064447,0.000000,303261.741727,303156.862540,-55355.399316,306203.800780
394,-0.000089,333606.140683,0.000000,303261.741727,303156.862540,-213899.422901,306203.800780
395,-0.000058,333540.248688,327321.977924,303261.741727,303156.862540,77.045947,306203.800780
396,-0.000052,333526.846108,0.000000,303261.741727,303156.862540,-66759.284989,306203.800780
397,-0.000042,333506.057947,0.000000,303261.741727,303156.862540,129047.599697,306203.800780
398,-0.000026,333472.566024,0.000000,303261.741727,303156.862540,85838.960890,306203.800780
399,-0.000018,333456.196728,0.000000,303261.741727,303156.862540,117356.104865,306203.800780
400,-0.000014,333448.126366,0.000000,303261.741727,303156.862540,-219275.758578,306203.800780
401,-0.000007,333431.973935,0.000000,303261.741727,303156.862540,246856.087002,306203.800780
402,-0.000004,333426.674773,0.000000,303261.741727,303156.862540,35010.019845,306203.800780
403,-0.000002,333421.089967,0.000000,303261.741727,303156.862540,107803.097007,306203.800780
404,0.000026,333363.017771,0.000000,303261.741727,303156.862540,-36061.571694,306203.800780
405,0.000031,333351.734413,0.000000,303261.741727,303156.862540,-42386.548099,306203.800780
406,0.000039,333335.696859,327321.671450,303261.741727,303156.862540,-146473.783618,306203.800780
407,0.000058,333295.144894,0.000000,303261.741727,303156.862540,-128178.503360,306203.800780
408,0.000069,333272.405203,0.000000,303261.741727,303156.862540,124927.533710,306203.800780
409,0.000119,333167.034995,0.000000,303261.741727,303156.862540,-22972.460002,306203.800780
410,0.000129,333145.871094,0.000000,303261.741727,303156.862540,480.256539,306203.800780
411,0.000134,333135.569590,0.000000,303261.741727,303156.862540,19509.578582,306203.800780
412,0.000141,333120.053484,0.000000,303261.741727,303156.862540,168221.562071,306203.800780
413,0.000142,333119.393889,0.000000,303261.741727,303156.862540,-46921.438321,306203.800780
414,0.000143,333116.227670,0.000000,303261.741727,303156.862540,49578.397656,306203.800780
415,0.000178,333042.455655,0.000000,303261.741727,303156.862540,87551.033028,306203.800780
416,0.000237,332918.824507,0.000000,303261.741727,303156.862540,320316.308437,306203.800780
417,0.000245,332902.366100,0.000000,303261.741727,303156.862540,3439.097778,306203.800780
418,0.000252,332887.220416,0.000000,303261.741727,303156.862540,43953.218703,306203.800780
419,0.000283,332821.914053,0.000000,303261.741727,303156.862540,-39120.186257,306203.800780
420,0.000313,332758.553203,0.000000,303261.741727,303156.862540,57148.435187,306203.800780
421,0.000323,332736.883054,0.000000,303261.741727,303156.862540,-140318.929391,306203.800780
422,0.000333,332714.830648,0.000000,303261.741727,303156.862540,-100686.973760,306203.800780
423,0.000339,332702.170235,0.000000,303261.741727,303156.862540,-59025.027847,306203.800780
424,0.000342,332696.327306,0.000000,303261.741727,303156.862540,-398351.457117,306203.800780
425,0.000348,332684.209088,0.000000,303261.741727,303156.862540,38865.317782,306203.800780
426,0.000350,332679.633676,0.000000,303261.741727,303156.862540,110912.897937,306203.800780
427,0.000356,332667.334705,0.000000,303261.741727,303156.862540,-2385.726460,306203.800780
428,0.000366,332646.211653,0.000000,303261.741727,303156.862540,178572.437553,306203.800780
429,0.000403,332567.570518,0.000000,303261.741727,303156.862540,-91518.703179,306203.800780
430,0.000412,332549.816592,0.000000,303261.741727,303156.862540,-31022.871811,306203.800780
431,0.000421,332530.633893,0.000000,303261.741727,303156.862540,44080.754593,306203.800780
432,0.000435,332501.321040,0.000000,303261.741727,303156.862540,82162.906552,306203.800780
433,0.000443,332484.025001,0.000000,303261.741727,303156.862540,78440.559233,306203.800780
434,0.000496,332371.623173,0.000000,303261.741727,303156.862540,91765.940016,306203.800780
435,0.000515,332332.080237,0.000000,303261.741727,303156.862540,-102056.621617,306203.800780
436,0.000518,332325.670530,327320.160878,303261.741727,303156.862540,38430.784281,306203.800780
437,0.000522,332316.683848,0.000000,303261.741727,303156.862540,-254787.157436,306203.800780
438,0.000535,332289.045273,0.000000,303261.741727,303156.862540,39825.300603,306203.800780
439,0.000582,332190.269636,0.000000,303261.741727,303156.862540,-47304.612536,306203.800780
440,0.000609,332133.230526,0.000000,303261.741727,303156.862540,131805.785010,306203.800780
441,0.000652,332042.412980,0.000000,303261.741727,303156.862540,185986.740496,306203.800780
442,0.000656,332034.475656,0.000000,303261.741727,303156.862540,-187906.082309,306203.800780
443,0.000674,331995.848038,0.000000,303261.741727,303156.862540,-256505.863087,306203.800780
444,0.000702,331936.375045,0.000000,303261.741727,303156.862540,-39178.655815,306203.800780
445,0.000722,331894.140320,0.000000,303261.741727,303156.862540,31089.339060,306203.800780
446,0.000732,331873.336466,0.000000,303261.741727,303156.862540,85065.589806,306203.800780
447,0.000766,331801.701735,0.000000,303261.741727,303156.862540,250368.293171,306203.800780
448,0.000785,331760.549026,0.000000,303261.741727,303156.862540,130007.665844,306203.800780
449,0.000798,331733.480876,0.000000,303261.741727,303156.862540,-45045.152364,306203.800780
450,0.000809,331708.914561,0.000000,303261.741727,303156.862540,197598.910792,306203.800780
451,0.000825,331675.350348,0.000000,303261.741727,303156.862540,87766.582756,306203.800780
452,0.000845,331633.616097,0.000000,303261.741727,303156.862540,-41604.439392,306203.800780
453,0.000868,331584.780340,0.000000,303261.741727,303156.862540,-27215.797126,306203.800780
454,0.000870,331579.602499,0.000000,303261.741727,303156.862540,232311.818293,306203.800780
455,0.000888,331542.621551,0.000000,303261.741727,303156.862540,-35886.068953,306203.800780
456,0.000888,331541.609245,0.000000,303261.741727,303156.862540,160191.902994,306203.800780
457,0.000889,331540.928867,0.000000,303261.741727,303156.862540,56030.573878,306203.800780
458,0.000910,331495.248374,0.000000,303261.741727,303156.862540,-260309.480094,306203.800780
459,0.000946,331420.250509,327318.810605,303261.741727,303156.862540,205885.862985,306203.800780
460,0.000946,331419.552605,0.000000,303261.741727,303156.862540,25566.232362,306203.800780
461,0.000955,331400.346960,0.000000,303261.741727,303156.862540,112245.229930,306203.800780
462,0.000957,331396.653024,327318.775462,303261.741727,303156.862540,36733.049122,306203.800780
463,0.001019,331264.105328,0.000000,303261.741727,303156.862540,-52659.309150,306203.800780
464,0.001043,331213.885130,0.000000,303261.741727,303156.862540,-500.554534,306203.800780
465,0.001049,331200.786433,0.000000,303261.741727,303156.862540,152549.209972,306203.800780
466,0.001065,331167.510372,0.000000,303261.741727,303156.862540,-2491.872210,306203.800780
467,0.001104,331085.509613,0.000000,303261.741727,303156.862540,103397.461924,306203.800780
468,0.001253,330767.597726,327317.839547,303261.741727,303156.862540,256316.315480,306203.800780
469,0.001263,330747.153020,0.000000,303261.741727,303156.862540,47817.441280,306203.800780
470,0.001287,330697.167424,0.000000,303261.741727,303156.862540,-187384.147369,306203.800780
471,0.001290,330689.599863,327317.723623,303261.741727,303156.862540,63745.547436,306203.800780
472,0.001294,330681.004308,0.000000,303261.741727,303156.862540,113213.914336,306203.800780
473,0.001310,330647.894741,0.000000,303261.741727,303156.862540,26261.210355,306203.800780
474,0.001322,330622.203643,0.000000,303261.741727,303156.862540,78766.925526,306203.800780
475,0.001365,330530.069426,327317.486607,303261.741727,303156.862540,229826.595837,306203.800780
476,0.001393,330470.566446,0.000000,303261.741727,303156.862540,-111989.254659,306203.800780
477,0.001395,330466.681534,0.000000,303261.741727,303156.862540,-2776.624580,306203.800780
478,0.001430,330392.991751,0.000000,303261.741727,303156.862540,-41118.467269,306203.800780
479,0.001438,330374.960169,327317.256268,303261.741727,303156.862540,-262861.476061,306203.800780
480,0.001463,330322.080295,0.000000,303261.741727,303156.862540,-54038.821816,306203.800780
481,0.001473,330301.006822,0.000000,303261.741727,303156.862540,18861.159759,306203.800780
482,0.001489,330266.718527,0.000000,303261.741727,303156.862540,-8964.038943,306203.800780
483,0.001495,330253.766882,0.000000,303261.741727,303156.862540,-298307.591361,306203.800780
484,0.001516,330210.578773,0.000000,303261.741727,303156.862540,-209886.961709,306203.800780
485,0.001554,330129.838402,0.000000,303261.741727,303156.862540,109339.509064,306203.800780
486,0.001573,330088.015775,0.000000,303261.741727,303156.862540,179187.294412,306203.800780
487,0.001603,330024.545500,0.000000,303261.741727,303156.862540,-90644.692641,306203.800780
488,0.001695,329829.431459,0.000000,303261.741727,303156.862540,-189970.594305,306203.800780
489,0.001726,329762.691229,327316.348083,303261.741727,303156.862540,117506.214816,306203.800780
490,0.001727,329761.373504,0.000000,303261.741727,303156.862540,-5573.315302,306203.800780
491,0.001731,329752.852280,0.000000,303261.741727,303156.862540,-90791.504573,306203.800780
492,0.001746,329719.507253,0.000000,303261.741727,303156.862540,-80815.211230,306203.800780
493,0.001775,329659.410280,0.000000,303261.741727,303156.862540,265618.304657,306203.800780
494,0.001780,329648.617157,0.000000,303261.741727,303156.862540,-73794.879697,306203.800780
495,0.001790,329626.985847,0.000000,303261.741727,303156.862540,33769.800861,306203.800780
496,0.001793,329619.230399,327316.135527,303261.741727,303156.862540,-28140.322804,306203.800780
497,0.001816,329571.541224,0.000000,303261.741727,303156.862540,-34377.302724,306203.800780
498,0.001836,329529.600660,0.000000,303261.741727,303156.862540,154613.022378,306203.800780
499,0.001861,329475.240654,0.000000,303261.741727,303156.862540,-76133.288335,306203.800780
500,0.001893,329407.810866,0.000000,303261.741727,303156.862540,-125720.701315,306203.800780
501,0.001900,329391.487748,0.000000,303261.741727,303156.862540,-44689.465700,306203.800780
502,0.001930,329327.731317,327315.703915,303261.741727,303156.862540,-211285.988477,306203.800780
503,0.001952,329281.547265,0.000000,303261.741727,303156.862540,-63265.717829,306203.800780
504,0.001952,329281.007192,0.000000,303261.741727,303156.862540,-131065.949545,306203.800780
505,0.001977,329227.170504,0.000000,303261.741727,303156.862540,-60169.147594,306203.800780
506,0.001983,329215.270493,327315.537499,303261.741727,303156.862540,-18972.501657,306203.800780
507,0.002003,329172.158074,0.000000,303261.741727,303156.862540,128277.696079,306203.800780
508,0.002007,329164.056503,0.000000,303261.741727,303156.862540,-81082.382071,306203.800780
509,0.002052,329068.623566,0.000000,303261.741727,303156.862540,-101339.186025,306203.800780
510,0.002052,329067.845857,0.000000,303261.741727,303156.862540,-143909.140455,306203.800780
511,0.002057,329056.692610,0.000000,303261.741727,303156.862540,73825.713243,306203.800780
512,0.002058,329054.962117,0.000000,303261.741727,303156.862540,131383.291832,306203.800780
513,0.002125,328912.094485,327315.089149,303261.741727,303156.862540,-84380.118822,306203.800780
514,0.002172,328812.612508,0.000000,303261.741727,303156.862540,-177007.605776,306203.800780
515,0.002172,328810.992449,0.000000,303261.741727,303156.862540,-238483.466249,306203.800780
516,0.002181,328792.696757,0.000000,303261.741727,303156.862540,-68252.911680,306203.800780
517,0.002212,328727.245176,0.000000,303261.741727,303156.862540,149643.026086,306203.800780
518,0.002264,328615.495711,327314.650921,303261.741727,303156.862540,-25295.570970,306203.800780
519,0.002274,328594.178460,0.000000,303261.741727,303156.862540,50618.655766,306203.800780
520,0.002372,328383.498200,0.000000,303261.741727,303156.862540,-19450.383088,306203.800780
521,0.002378,328371.113772,0.000000,303261.741727,303156.862540,377732.533241,306203.800780
522,0.002413,328296.038961,0.000000,303261.741727,303156.862540,227191.261766,306203.800780
523,0.002426,328268.166785,0.000000,303261.741727,303156.862540,-17832.823515,306203.800780
524,0.002530,328047.584263,0.000000,303261.741727,303156.862540,16158.985190,306203.800780
525,0.002543,328019.310031,0.000000,303261.741727,303156.862540,-206885.807190,306203.800780
526,0.002574,327953.311662,0.000000,303261.741727,303156.862540,101808.535988,306203.800780
527,0.002608,327879.493572,0.000000,303261.741727,303156.862540,132727.439307,306203.800780
528,0.002659,327770.935089,0.000000,303261.741727,303156.862540,238848.185202,306203.800780
529,0.002694,327694.355196,0.000000,303261.741727,303156.862540,-82831.445141,306203.800780
530,0.002717,327646.642467,0.000000,303261.741727,303156.862540,-410317.543544,306203.800780
531,0.002717,327645.987903,0.000000,303261.741727,303156.862540,170885.794544,306203.800780
532,0.002749,327576.810209,0.000000,303261.741727,303156.862540,-187054.244009,306203.800780
533,0.002772,327528.619457,0.000000,303261.741727,303156.862540,123308.097379,306203.800780
534,0.002788,327493.480026,0.000000,303261.741727,303156.862540,-100.428916,306203.800780
535,0.002852,327355.941523,0.000000,303261.741727,303156.862540,-51208.124259,306203.800780
536,0.002853,327355.020816,327312.792915,303261.741727,303156.862540,-1256.013779,306203.800780
537,0.002863,327332.941572,0.000000,303261.741727,303156.862540,19669.814156,306203.800780
538,0.002897,327259.895058,0.000000,303261.741727,303156.862540,154488.391312,306203.800780
539,0.002977,327088.257633,0.000000,303261.741727,303156.862540,261162.938286,306203.800780
540,0.003004,327029.536461,0.000000,303261.741727,303156.862540,-7434.456999,306203.800780
541,0.003034,326965.301242,0.000000,303261.741727,303156.862540,-143842.997899,306203.800780
542,0.003066,326897.042754,327312.119579,303261.741727,303156.862540,149259.497564,306203.800780
543,0.003070,326889.288080,0.000000,303261.741727,303156.862540,127415.830556,306203.800780
544,0.003083,326859.708302,0.000000,303261.741727,303156.862540,-58632.928596,306203.800780
545,0.003091,326844.504868,0.000000,303261.741727,303156.862540,-213342.576753,306203.800780
546,0.003177,326659.299378,0.000000,303261.741727,303156.862540,269255.993534,306203.800780
547,0.003181,326650.537514,0.000000,303261.741727,303156.862540,126956.926362,306203.800780
548,0.003228,326549.594704,327311.609371,303261.741727,303156.862540,102503.695228,306203.800780
549,0.003262,326474.966381,0.000000,303261.741727,303156.862540,125184.297526,306203.800780
550,0.003270,326459.276997,0.000000,303261.741727,303156.862540,248410.045673,306203.800780
551,0.003300,326393.470038,0.000000,303261.741727,303156.862540,76483.312084,306203.800780
552,0.003312,326367.800732,0.000000,303261.741727,303156.862540,139105.181178,306203.800780
553,0.003324,326342.945122,0.000000,303261.741727,303156.862540,-214164.488274,306203.800780
554,0.003333,326323.197971,0.000000,303261.741727,303156.862540,78542.793022,306203.800780
555,0.003343,326302.282727,0.000000,303261.741727,303156.862540,136615.042679,306203.800780
556,0.003402,326175.373586,0.000000,303261.741727,303156.862540,-219174.515370,306203.800780
557,0.003429,326116.905253,0.000000,303261.741727,303156.862540,-105866.609953,306203.800780
558,0.003446,326079.404869,0.000000,303261.741727,303156.862540,-46188.461131,306203.800780
559,0.003523,325913.485096,0.000000,303261.741727,303156.862540,66355.906863,306203.800780
560,0.003526,325908.702225,0.000000,303261.741727,303156.862540,-14345.764357,306203.800780
561,0.003568,325818.039240,0.000000,303261.741727,303156.862540,17227.738998,306203.800780
562,0.003628,325687.611635,0.000000,303261.741727,303156.862540,104992.511575,306203.800780
563,0.003664,325610.970559,0.000000,303261.741727,303156.862540,211880.769068,306203.800780
564,0.003666,325606.014064,0.000000,303261.741727,303156.862540,-63131.250459,306203.800780
565,0.003728,325472.540648,0.000000,303261.741727,303156.862540,-16968.604692,306203.800780
566,0.003743,325439.131793,0.000000,303261.741727,303156.862540,-111950.556647,306203.800780
567,0.003792,325334.628897,0.000000,303261.741727,303156.862540,-112069.791342,306203.800780
568,0.003793,325332.247522,0.000000,303261.741727,303156.862540,-200722.550261,306203.800780
569,0.003866,325174.817365,0.000000,303261.741727,303156.862540,-4719.178788,306203.800780
570,0.004033,324812.591638,0.000000,303261.741727,303156.862540,-266936.352804,306203.800780
571,0.004050,324777.720061,0.000000,303261.741727,303156.862540,-98331.087349,306203.800780
572,0.004136,324589.882363,0.000000,303261.741727,303156.862540,-130708.358444,306203.800780
573,0.004140,324581.706856,327308.729760,303261.741727,303156.862540,88670.902004,306203.800780
574,0.004201,324450.190171,0.000000,303261.741727,303156.862540,-77228.101569,306203.800780
575,0.004221,324407.752681,0.000000,303261.741727,303156.862540,-228515.715811,306203.800780
576,0.004251,324342.857012,0.000000,303261.741727,303156.862540,13774.182545,306203.800780
577,0.004261,324321.053734,327308.349637,303261.741727,303156.862540,-61572.374651,306203.800780
578,0.004385,324050.852928,327307.955909,303261.741727,303156.862540,113613.916630,306203.800780
579,0.004412,323993.581529,0.000000,303261.741727,303156.862540,-247225.405346,306203.800780
580,0.004414,323989.406756,327307.866417,303261.741727,303156.862540,79537.498278,306203.800780
581,0.004457,323896.372830,327307.730951,303261.741727,303156.862540,-248013.626849,306203.800780
582,0.004572,323646.351101,0.000000,303261.741727,303156.862540,-131908.021760,306203.800780
583,0.004576,323637.279567,0.000000,303261.741727,303156.862540,77181.011731,306203.800780
584,0.004591,323605.155049,0.000000,303261.741727,303156.862540,80177.218104,306203.800780
585,0.004625,323531.687946,0.000000,303261.741727,303156.862540,-56897.503099,306203.800780
586,0.004645,323486.911410,327307.135197,303261.741727,303156.862540,308759.748951,306203.800780
587,0.004697,323374.521174,0.000000,303261.741727,303156.862540,51307.877477,306203.800780
588,0.004764,323229.893767,327306.761624,303261.741727,303156.862540,72929.980088,306203.800780
589,0.004764,323228.493349,0.000000,303261.741727,303156.862540,-153706.589097,306203.800780
590,0.004795,323162.705466,0.000000,303261.741727,303156.862540,24581.228927,306203.800780
591,0.004795,323162.597769,0.000000,303261.741727,303156.862540,17211.843368,306203.800780
592,0.004800,323151.471710,0.000000,303261.741727,303156.862540,121988.546744,306203.800780
593,0.004810,323128.954051,0.000000,303261.741727,303156.862540,199579.588996,306203.800780
594,0.004835,323076.083989,0.000000,303261.741727,303156.862540,29897.689366,306203.800780
595,0.004893,322948.153617,0.000000,303261.741727,303156.862540,-122954.281871,306203.800780
596,0.004924,322880.894087,0.000000,303261.741727,303156.862540,111135.897898,306203.800780
597,0.004933,322862.241639,0.000000,303261.741727,303156.862540,20979.920059,306203.800780
598,0.004954,322815.415428,0.000000,303261.741727,303156.862540,-199009.010764,306203.800780
599,0.005016,322682.529683,0.000000,303261.741727,303156.862540,-137622.223770,306203.800780
600,0.005091,322517.812201,0.000000,303261.741727,303156.862540,-274521.227260,306203.800780
601,0.005096,322507.013662,327305.712500,303261.741727,303156.862540,164813.306275,306203.800780
602,0.005159,322369.215037,0.000000,303261.741727,303156.862540,64340.348705,306203.800780
603,0.005191,322301.368217,0.000000,303261.741727,303156.862540,67904.262004,306203.800780
604,0.005219,322240.496425,0.000000,303261.741727,303156.862540,121969.669783,306203.800780
605,0.005238,322198.918638,0.000000,303261.741727,303156.862540,141880.811966,306203.800780
606,0.005262,322145.617332,327305.188872,303261.741727,303156.862540,24906.312132,306203.800780
607,0.005302,322058.225955,0.000000,303261.741727,303156.862540,80507.101185,306203.800780
608,0.005314,322031.748064,0.000000,303261.741727,303156.862540,-65397.570937,306203.800780
609,0.005359,321934.424169,0.000000,303261.741727,303156.862540,-86161.583549,306203.800780
610,0.005500,321627.673096,0.000000,303261.741727,303156.862540,-289546.504912,306203.800780
611,0.005507,321610.938122,0.000000,303261.741727,303156.862540,13459.401432,306203.800780
612,0.005520,321582.551467,0.000000,303261.741727,303156.862540,-185023.740323,306203.800780
613,0.005523,321576.630347,0.000000,303261.741727,303156.862540,-52019.113919,306203.800780
614,0.005564,321486.323683,0.000000,303261.741727,303156.862540,21110.971689,306203.800780
615,0.005635,321332.711061,0.000000,303261.741727,303156.862540,61023.752251,306203.800780
616,0.005639,321323.673479,0.000000,303261.741727,303156.862540,-261543.178233,306203.800780
617,0.005645,321310.590929,0.000000,303261.741727,303156.862540,-81363.687588,306203.800780
618,0.005648,321302.707276,327303.969835,303261.741727,303156.862540,22173.441549,306203.800780
619,0.005675,321243.752650,0.000000,303261.741727,303156.862540,-96134.667134,306203.800780
620,0.005756,321068.334722,0.000000,303261.741727,303156.862540,1898.405325,306203.800780
621,0.005812,320945.665497,0.000000,303261.741727,303156.862540,-87502.407763,306203.800780
622,0.005813,320943.054619,0.000000,303261.741727,303156.862540,211307.100470,306203.800780
623,0.005815,320938.351590,0.000000,303261.741727,303156.862540,-13893.237986,306203.800780
624,0.005838,320888.219721,0.000000,303261.741727,303156.862540,109246.385443,306203.800780
625,0.005845,320872.171345,0.000000,303261.741727,303156.862540,135535.251340,306203.800780
626,0.005863,320832.510882,0.000000,303261.741727,303156.862540,136806.809172,306203.800780
627,0.005864,320830.026705,0.000000,303261.741727,303156.862540,43672.032363,306203.800780
628,0.005909,320733.491609,0.000000,303261.741727,303156.862540,116495.590335,306203.800780
629,0.005932,320681.640380,0.000000,303261.741727,303156.862540,-94684.861387,306203.800780
630,0.005941,320662.632263,0.000000,303261.741727,303156.862540,-43832.527500,306203.800780
631,0.005943,320657.160649,0.000000,303261.741727,303156.862540,-110816.910403,306203.800780
632,0.005945,320652.969420,0.000000,303261.741727,303156.862540,-10546.642140,306203.800780
633,0.006049,320426.203060,0.000000,303261.741727,303156.862540,-93687.827216,306203.800780
634,0.006057,320407.329877,0.000000,303261.741727,303156.862540,6103.965133,306203.800780
635,0.006096,320323.595468,0.000000,303261.741727,303156.862540,-54178.053112,306203.800780
636,0.006110,320291.448821,0.000000,303261.741727,303156.862540,242887.121927,306203.800780
637,0.006163,320175.834197,0.000000,303261.741727,303156.862540,-212934.509896,306203.800780
638,0.006228,320032.680502,0.000000,303261.741727,303156.862540,177765.041708,306203.800780
639,0.006239,320009.048894,0.000000,303261.741727,303156.862540,138216.455784,306203.800780
640,0.006285,319907.593007,0.000000,303261.741727,303156.862540,-67711.153555,306203.800780
641,0.006334,319801.401841,0.000000,303261.741727,303156.862540,57102.506151,306203.800780
642,0.006337,319794.560404,327301.796600,303261.741727,303156.862540,-140131.653296,306203.800780
643,0.006349,319767.123950,0.000000,303261.741727,303156.862540,-80986.503491,306203.800780
644,0.006350,319764.978276,0.000000,303261.741727,303156.862540,-48157.383580,306203.800780
645,0.006456,319532.276136,0.000000,303261.741727,303156.862540,-60438.307861,306203.800780
646,0.006467,319508.462863,0.000000,303261.741727,303156.862540,-83566.951083,306203.800780
647,0.006475,319491.256185,0.000000,303261.741727,303156.862540,3114.381725,306203.800780
648,0.006479,319483.201513,0.000000,303261.741727,303156.862540,-39287.844234,306203.800780
649,0.006519,319393.620831,0.000000,303261.741727,303156.862540,47007.822314,306203.800780
650,0.006526,319379.021859,0.000000,303261.741727,303156.862540,-85111.503671,306203.800780
651,0.006589,319239.290728,0.000000,303261.741727,303156.862540,-22312.555755,306203.800780
652,0.006600,319216.450641,0.000000,303261.741727,303156.862540,153748.876539,306203.800780
653,0.006606,319202.565829,0.000000,303261.741727,303156.862540,35699.281652,306203.800780
654,0.006618,319176.689934,0.000000,303261.741727,303156.862540,-125961.904604,306203.800780
655,0.006624,319162.299881,0.000000,303261.741727,303156.862540,-13094.610018,306203.800780
656,0.006629,319153.189785,0.000000,303261.741727,303156.862540,-77292.727795,306203.800780
657,0.006635,319138.220526,0.000000,303261.741727,303156.862540,138687.517913,306203.800780
658,0.006655,319094.754668,0.000000,303261.741727,303156.862540,-60368.173637,306203.800780
659,0.006661,319081.685061,0.000000,303261.741727,303156.862540,104230.593930,306203.800780
660,0.006682,319036.557114,0.000000,303261.741727,303156.862540,-115757.416036,306203.800780
661,0.006815,318742.849063,0.000000,303261.741727,303156.862540,-144703.390463,306203.800780
662,0.006843,318681.800402,0.000000,303261.741727,303156.862540,-161952.622166,306203.800780
663,0.006848,318669.553488,0.000000,303261.741727,303156.862540,-30060.746738,306203.800780
664,0.006862,318639.128105,0.000000,303261.741727,303156.862540,-64029.187925,306203.800780
665,0.006883,318593.703287,0.000000,303261.741727,303156.862540,-120471.503240,306203.800780
666,0.006918,318516.764122,0.000000,303261.741727,303156.862540,-1324.385825,306203.800780
667,0.006934,318480.672950,0.000000,303261.741727,303156.862540,36327.039494,306203.800780
668,0.006961,318420.281419,327299.825075,303261.741727,303156.862540,117206.962886,306203.800780
669,0.006998,318339.759826,0.000000,303261.741727,303156.862540,37091.028959,306203.800780
670,0.006998,318339.582025,0.000000,303261.741727,303156.862540,188462.132228,306203.800780
671,0.007036,318254.775683,0.000000,303261.741727,303156.862540,168011.671111,306203.800780
672,0.007037,318254.026200,0.000000,303261.741727,303156.862540,-43190.554954,306203.800780
673,0.007060,318203.195450,0.000000,303261.741727,303156.862540,-171633.143299,306203.800780
674,0.007097,318120.086607,0.000000,303261.741727,303156.862540,43780.350228,306203.800780
675,0.007177,317945.164236,0.000000,303261.741727,303156.862540,-89443.857128,306203.800780
676,0.007194,317906.311630,327299.089899,303261.741727,303156.862540,149984.208132,306203.800780
677,0.007230,317826.427897,0.000000,303261.741727,303156.862540,29220.832646,306203.800780
678,0.007245,317793.359585,327298.928491,303261.741727,303156.862540,187003.868697,306203.800780
679,0.007259,317762.997271,0.000000,303261.741727,303156.862540,-38977.044727,306203.800780
680,0.007326,317614.910575,0.000000,303261.741727,303156.862540,-24543.049849,306203.800780
681,0.007342,317579.739737,0.000000,303261.741727,303156.862540,-186867.951110,306203.800780
682,0.007351,317560.602866,0.000000,303261.741727,303156.862540,-94011.915717,306203.800780
683,0.007380,317496.006917,0.000000,303261.741727,303156.862540,105009.295634,306203.800780
684,0.007388,317478.985557,0.000000,303261.741727,303156.862540,83607.221249,306203.800780
685,0.007390,317474.195148,0.000000,303261.741727,303156.862540,78178.583373,306203.800780
686,0.007425,317395.460758,327298.360347,303261.741727,303156.862540,-37039.188784,306203.800780
687,0.007449,317342.855017,0.000000,303261.741727,303156.862540,-65684.889437,306203.800780
688,0.007487,317259.382570,0.000000,303261.741727,303156.862540,105041.336647,306203.800780
689,0.007511,317206.245796,327298.090422,303261.741727,303156.862540,-60487.599390,306203.800780
690,0.007518,317189.751465,0.000000,303261.741727,303156.862540,-50343.949543,306203.800780
691,0.007656,316884.404568,0.000000,303261.741727,303156.862540,252599.988461,306203.800780
692,0.007693,316802.453829,0.000000,303261.741727,303156.862540,-47951.637194,306203.800780
693,0.007699,316788.528219,0.000000,303261.741727,303156.862540,278328.775118,306203.800780
694,0.007819,316522.330911,0.000000,303261.741727,303156.862540,79712.229210,306203.800780
695,0.007831,316496.012738,0.000000,303261.741727,303156.862540,-114713.854418,306203.800780
696,0.007837,316484.321847,0.000000,303261.741727,303156.862540,-204205.275184,306203.800780
697,0.007918,316303.924218,0.000000,303261.741727,303156.862540,-100563.380424,306203.800780
698,0.008064,315978.954548,0.000000,303261.741727,303156.862540,138653.494436,306203.800780
699,0.008105,315887.825406,327296.214047,303261.741727,303156.862540,-70853.081145,306203.800780
700,0.008141,315807.625162,0.000000,303261.741727,303156.862540,23103.561720,306203.800780
701,0.008227,315616.900094,0.000000,303261.741727,303156.862540,56454.069417,306203.800780
702,0.008246,315574.645659,0.000000,303261.741727,303156.862540,-46072.391452,306203.800780
703,0.008268,315526.750248,0.000000,303261.741727,303156.862540,314304.787947,306203.800780
704,0.008280,315498.831393,0.000000,303261.741727,303156.862540,-168164.222162,306203.800780
705,0.008298,315459.250547,0.000000,303261.741727,303156.862540,182446.734741,306203.800780
706,0.008310,315432.442869,0.000000,303261.741727,303156.862540,-390985.875018,306203.800780
707,0.008313,315424.684788,0.000000,303261.741727,303156.862540,-77218.027860,306203.800780
708,0.008372,315294.793407,0.000000,303261.741727,303156.862540,157257.141391,306203.800780
709,0.008381,315275.244069,0.000000,303261.741727,303156.862540,13709.293312,306203.800780
710,0.008403,315224.276399,0.000000,303261.741727,303156.862540,128583.780718,306203.800780
711,0.008427,315171.087954,0.000000,303261.741727,303156.862540,-105608.593384,306203.800780
712,0.008493,315024.717701,0.000000,303261.741727,303156.862540,-115749.516993,306203.800780
713,0.008510,314986.961794,0.000000,303261.741727,303156.862540,58873.486591,306203.800780
714,0.008522,314960.686821,0.000000,303261.741727,303156.862540,-104355.959825,306203.800780
715,0.008568,314856.840518,0.000000,303261.741727,303156.862540,-3151.802546,306203.800780
716,0.008576,314840.492620,0.000000,303261.741727,303156.862540,-244641.862931,306203.800780
717,0.008611,314762.138872,0.000000,303261.741727,303156.862540,-48248.887219,306203.800780
718,0.008638,314701.484860,0.000000,303261.741727,303156.862540,-46812.150695,306203.800780
719,0.008645,314685.542818,0.000000,303261.741727,303156.862540,-23637.461200,306203.800780
720,0.008662,314647.695547,0.000000,303261.741727,303156.862540,-106415.860859,306203.800780
721,0.008702,314557.992409,0.000000,303261.741727,303156.862540,21710.660557,306203.800780
722,0.008713,314534.593048,0.000000,303261.741727,303156.862540,27515.873363,306203.800780
723,0.008794,314353.206571,0.000000,303261.741727,303156.862540,-52944.916468,306203.800780
724,0.008816,314304.647887,0.000000,303261.741727,303156.862540,103892.908885,306203.800780
725,0.008839,314251.595016,0.000000,303261.741727,303156.862540,-91396.537843,306203.800780
726,0.008912,314089.933055,327293.667750,303261.741727,303156.862540,302739.648628,306203.800780
727,0.008917,314078.770771,0.000000,303261.741727,303156.862540,96450.239121,306203.800780
728,0.008924,314063.610346,0.000000,303261.741727,303156.862540,141295.060896,306203.800780
729,0.008962,313978.569349,0.000000,303261.741727,303156.862540,-114138.998867,306203.800780
730,0.008970,313960.516892,0.000000,303261.741727,303156.862540,-116669.291230,306203.800780
731,0.008972,313954.621931,0.000000,303261.741727,303156.862540,-71744.034849,306203.800780
732,0.008982,313932.795421,0.000000,303261.741727,303156.862540,-279556.456701,306203.800780
733,0.009072,313732.061466,0.000000,303261.741727,303156.862540,-85520.955313,306203.800780
734,0.009076,313723.011272,0.000000,303261.741727,303156.862540,63066.466716,306203.800780
735,0.009080,313714.154855,327293.137365,303261.741727,303156.862540,138058.128643,306203.800780
736,0.009146,313565.411627,0.000000,303261.741727,303156.862540,-116594.357358,306203.800780
737,0.009166,313521.493276,0.000000,303261.741727,303156.862540,77204.575248,306203.800780
738,0.009204,313436.877341,0.000000,303261.741727,303156.862540,44145.159023,306203.800780
739,0.009248,313337.832385,0.000000,303261.741727,303156.862540,-20345.231794,306203.800780
740,0.009256,313318.913452,0.000000,303261.741727,303156.862540,24670.134741,306203.800780
741,0.009258,313314.380133,0.000000,303261.741727,303156.862540,-50362.327085,306203.800780
742,0.009308,313202.631416,0.000000,303261.741727,303156.862540,71611.441463,306203.800780
743,0.009317,313182.769313,0.000000,303261.741727,303156.862540,73451.937631,306203.800780
744,0.009439,312909.583673,0.000000,303261.741727,303156.862540,-157773.561595,306203.800780
745,0.009473,312832.795675,0.000000,303261.741727,303156.862540,-211920.184321,306203.800780
746,0.009570,312615.736028,0.000000,303261.741727,303156.862540,-110467.812953,306203.800780
747,0.009578,312597.069532,0.000000,303261.741727,303156.862540,-261446.843670,306203.800780
748,0.009586,312577.934481,0.000000,303261.741727,303156.862540,-289820.017286,306203.800780
749,0.009595,312557.794541,327291.509183,303261.741727,303156.862540,304431.191374,306203.800780
750,0.009618,312506.848523,0.000000,303261.741727,303156.862540,-65733.242443,306203.800780
751,0.009640,312457.780212,0.000000,303261.741727,303156.862540,38883.424004,306203.800780
752,0.009642,312453.714658,0.000000,303261.741727,303156.862540,34697.165628,306203.800780
753,0.009757,312194.882410,0.000000,303261.741727,303156.862540,-53714.077359,306203.800780
754,0.009806,312085.446152,0.000000,303261.741727,303156.862540,5568.016215,306203.800780
755,0.009811,312072.600650,0.000000,303261.741727,303156.862540,7821.127081,306203.800780
756,0.009951,311758.074312,327290.386639,303261.741727,303156.862540,-36229.527245,306203.800780
757,0.009953,311754.306809,0.000000,303261.741727,303156.862540,134037.257690,306203.800780
758,0.010012,311621.281578,0.000000,303261.741727,303156.862540,-153405.489978,306203.800780
759,0.010085,311455.718063,0.000000,303261.741727,303156.862540,-83090.887022,306203.800780
760,0.010119,311380.266481,0.000000,303261.741727,303156.862540,-179078.651892,306203.800780
761,0.010164,311278.748774,0.000000,303261.741727,303156.862540,-147864.678406,306203.800780
762,0.010170,311265.151740,0.000000,303261.741727,303156.862540,153325.958778,306203.800780
763,0.010197,311203.940318,327289.610487,303261.741727,303156.862540,12818.008422,306203.800780
764,0.010229,311130.349720,0.000000,303261.741727,303156.862540,253570.739670,306203.800780
765,0.010248,311088.133712,0.000000,303261.741727,303156.862540,-98441.158050,306203.800780
766,0.010321,310922.516925,0.000000,303261.741727,303156.862540,-140762.372712,306203.800780
767,0.010329,310906.065378,0.000000,303261.741727,303156.862540,4462.430744,306203.800780
768,0.010366,310821.273352,0.000000,303261.741727,303156.862540,57854.939904,306203.800780
769,0.010377,310796.750268,0.000000,303261.741727,303156.862540,-161538.728262,306203.800780
770,0.010426,310686.019451,327288.886293,303261.741727,303156.862540,-8800.291876,306203.800780
771,0.010436,310662.726640,0.000000,303261.741727,303156.862540,77508.829862,306203.800780
772,0.010486,310551.799216,0.000000,303261.741727,303156.862540,-68598.765132,306203.800780
773,0.010517,310480.957951,0.000000,303261.741727,303156.862540,254598.075077,306203.800780
774,0.010552,310401.977858,0.000000,303261.741727,303156.862540,-7753.519291,306203.800780
775,0.010601,310291.373043,0.000000,303261.741727,303156.862540,90919.427228,306203.800780
776,0.010628,310229.277023,0.000000,303261.741727,303156.862540,-88781.971258,306203.800780
777,0.010796,309850.064049,0.000000,303261.741727,303156.862540,-116517.052750,306203.800780
778,0.010799,309842.381473,0.000000,303261.741727,303156.862540,-84150.603968,306203.800780
779,0.010814,309807.741272,0.000000,303261.741727,303156.862540,-2046.286724,306203.800780
780,0.010843,309741.864488,0.000000,303261.741727,303156.862540,39697.933534,306203.800780
781,0.010864,309694.752325,0.000000,303261.741727,303156.862540,-29074.254594,306203.800780
782,0.010876,309668.682285,0.000000,303261.741727,303156.862540,-23880.688220,306203.800780
783,0.010913,309584.320562,0.000000,303261.741727,303156.862540,-150261.497230,306203.800780
784,0.010926,309554.073754,0.000000,303261.741727,303156.862540,176264.820074,306203.800780
785,0.010982,309427.444786,0.000000,303261.741727,303156.862540,-66164.227850,306203.800780
786,0.010993,309401.292744,0.000000,303261.741727,303156.862540,-72160.757521,306203.800780
787,0.011045,309283.307055,0.000000,303261.741727,303156.862540,-221985.091265,306203.800780
788,0.011048,309276.752736,327286.921800,303261.741727,303156.862540,-112752.692336,306203.800780
789,0.011141,309067.160419,0.000000,303261.741727,303156.862540,22910.739171,306203.800780
790,0.011152,309041.335235,0.000000,303261.741727,303156.862540,23656.528739,306203.800780
791,0.011173,308993.085947,0.000000,303261.741727,303156.862540,-157966.051230,306203.800780
792,0.011174,308990.568835,0.000000,303261.741727,303156.862540,-263512.011621,306203.800780
793,0.011254,308809.244322,327286.272054,303261.741727,303156.862540,113555.922550,306203.800780
794,0.011257,308802.939425,0.000000,303261.741727,303156.862540,-91283.467847,306203.800780
795,0.011261,308793.447507,0.000000,303261.741727,303156.862540,-151170.319262,306203.800780
796,0.011277,308757.733024,327286.200523,303261.741727,303156.862540,-56932.229987,306203.800780
797,0.011288,308732.927367,327286.166081,303261.741727,303156.862540,-119277.345911,306203.800780
798,0.011339,308615.023515,0.000000,303261.741727,303156.862540,-68412.004236,306203.800780
799,0.011362,308563.126738,0.000000,303261.741727,303156.862540,-76941.684386,306203.800780
800,0.011472,308314.415297,0.000000,303261.741727,303156.862540,30163.282415,306203.800780
801,0.011486,308281.000591,0.000000,303261.741727,303156.862540,-122156.529528,306203.800780
802,0.011538,308162.391743,0.000000,303261.741727,303156.862540,-153409.408098,306203.800780
803,0.011552,308131.980520,0.000000,303261.741727,303156.862540,-126635.451762,306203.800780
804,0.011605,308010.308174,0.000000,303261.741727,303156.862540,-183505.075401,306203.800780
805,0.011677,307847.089746,0.000000,303261.741727,303156.862540,36465.662324,306203.800780
806,0.011678,307844.114187,0.000000,303261.741727,303156.862540,-44773.258726,306203.800780
807,0.011678,307843.711234,0.000000,303261.741727,303156.862540,-419700.422931,306203.800780
808,0.011709,307773.536062,0.000000,303261.741727,303156.862540,-51975.315240,306203.800780
809,0.011785,307600.056077,0.000000,303261.741727,303156.862540,-82422.975836,306203.800780
810,0.011791,307586.988253,0.000000,303261.741727,303156.862540,132780.085042,306203.800780
811,0.011828,307500.537827,0.000000,303261.741727,303156.862540,6599.849050,306203.800780
812,0.011831,307494.757862,0.000000,303261.741727,303156.862540,-63401.793635,306203.800780
813,0.011847,307457.832055,0.000000,303261.741727,303156.862540,65800.225153,306203.800780
814,0.011885,307371.027389,0.000000,303261.741727,303156.862540,-32840.347240,306203.800780
815,0.011887,307367.693757,0.000000,303261.741727,303156.862540,90390.659420,306203.800780
816,0.011910,307313.518805,327284.199824,303261.741727,303156.862540,69088.134096,306203.800780
817,0.011927,307274.411987,0.000000,303261.741727,303156.862540,-171330.657401,306203.800780
818,0.012025,307050.641965,0.000000,303261.741727,303156.862540,176184.527728,306203.800780
819,0.012054,306985.899908,0.000000,303261.741727,303156.862540,-322514.900501,306203.800780
820,0.012096,306887.888284,0.000000,303261.741727,303156.862540,-29167.352155,306203.800780
821,0.012099,306881.443783,0.000000,303261.741727,303156.862540,210930.111380,306203.800780
822,0.012121,306832.421936,0.000000,303261.741727,303156.862540,176782.333881,306203.800780
823,0.012160,306741.324434,0.000000,303261.741727,303156.862540,3364.594574,306203.800780
824,0.012184,306686.655923,0.000000,303261.741727,303156.862540,162858.804195,306203.800780
825,0.012223,306597.755993,327283.211705,303261.741727,303156.862540,197459.293779,306203.800780
826,0.012242,306554.281775,0.000000,303261.741727,303156.862540,93702.983181,306203.800780
827,0.012254,306528.064433,0.000000,303261.741727,303156.862540,-209250.373186,306203.800780
828,0.012267,306496.432462,0.000000,303261.741727,303156.862540,154244.083005,306203.800780
829,0.012342,306326.095561,0.000000,303261.741727,303156.862540,-52702.136997,306203.800780
830,0.012429,306125.175637,0.000000,303261.741727,303156.862540,-6612.159532,306203.800780
831,0.012456,306063.496158,0.000000,303261.741727,303156.862540,-117659.809034,306203.800780
832,0.012502,305957.592042,0.000000,303261.741727,303156.862540,-218416.784923,306203.800780
833,0.012508,305943.721609,0.000000,303261.741727,303156.862540,-8895.132783,306203.800780
834,0.012528,305897.788899,0.000000,303261.741727,303156.862540,56565.391377,306203.800780
835,0.012628,305669.783595,0.000000,303261.741727,303156.862540,-29074.908851,306203.800780
836,0.012667,305579.840276,0.000000,303261.741727,303156.862540,-182882.244373,306203.800780
837,0.012706,305490.374038,0.000000,303261.741727,303156.862540,-60168.058737,306203.800780
838,0.012841,305179.879686,0.000000,303261.741727,303156.862540,56881.112047,306203.800780
839,0.012923,304990.869666,327281.001691,303261.741727,303156.862540,-49266.409930,306203.800780
840,0.012924,304988.243341,0.000000,303261.741727,303156.862540,-1895.788993,306203.800780
841,0.012967,304890.406487,0.000000,303261.741727,303156.862540,6891.818148,306203.800780
842,0.012970,304881.843100,327280.852159,303261.741727,303156.862540,-124696.978876,306203.800780
843,0.013028,304748.562517,0.000000,303261.741727,303156.862540,-58342.258855,306203.800780
844,0.013158,304449.282847,0.000000,303261.741727,303156.862540,-111001.041476,306203.800780
845,0.013247,304243.385957,0.000000,303261.741727,303156.862540,-88480.693246,306203.800780
846,0.013302,304116.474420,0.000000,303261.741727,303156.862540,122282.885651,306203.800780
847,0.013355,303994.050818,0.000000,303261.741727,303156.862540,-152849.003698,306203.800780
848,0.013381,303934.197000,0.000000,303261.741727,303156.862540,130537.465098,306203.800780
849,0.013450,303776.093433,0.000000,303261.741727,303156.862540,-195657.980386,306203.800780
850,0.013450,303774.379695,0.000000,303261.741727,303156.862540,51084.860419,306203.800780
851,0.013551,303542.218032,0.000000,303261.741727,303156.862540,26359.212577,306203.800780
852,0.013673,303259.784426,0.000000,303261.741727,303156.862540,-142617.040115,306203.800780
853,0.013710,303173.564379,0.000000,303261.741727,303156.862540,217856.082595,306203.800780
854,0.013733,303119.323608,0.000000,303261.741727,303156.862540,-127284.822493,306203.800780
855,0.013781,303008.550828,0.000000,303261.741727,303156.862540,87163.401483,306203.800780
856,0.013854,302839.500018,0.000000,303261.741727,303156.862540,9167.731818,306203.800780
857,0.013870,302803.724797,0.000000,303261.741727,303156.862540,33739.815086,306203.800780
858,0.013871,302799.627630,0.000000,303261.741727,303156.862540,50313.853576,306203.800780
859,0.013880,302780.205142,0.000000,303261.741727,303156.862540,69932.159363,306203.800780
860,0.013897,302740.997988,0.000000,303261.741727,303156.862540,-127885.881439,306203.800780
861,0.013937,302646.899265,0.000000,303261.741727,303156.862540,-134519.999589,306203.800780
862,0.013951,302614.847270,0.000000,303261.741727,303156.862540,131342.588095,306203.800780
863,0.013956,302603.834100,0.000000,303261.741727,303156.862540,-104270.003712,306203.800780
864,0.013963,302588.082102,0.000000,303261.741727,303156.862540,77736.766204,306203.800780
865,0.013984,302538.550860,0.000000,303261.741727,303156.862540,92036.590027,306203.800780
866,0.014011,302474.712157,0.000000,303261.741727,303156.862540,-114667.065668,306203.800780
867,0.014056,302371.318270,0.000000,303261.741727,303156.862540,-192144.482075,306203.800780
868,0.014187,302066.163925,0.000000,303261.741727,303156.862540,111290.406478,306203.800780
869,0.014255,301907.715157,0.000000,303261.741727,303156.862540,-308703.159415,306203.800780
870,0.014317,301763.967206,0.000000,303261.741727,303156.862540,36443.519349,306203.800780
871,0.014328,301738.818708,0.000000,303261.741727,303156.862540,15072.190826,306203.800780
872,0.014470,301409.359255,0.000000,303261.741727,303156.862540,-162577.874455,306203.800780
873,0.014580,301150.953982,0.000000,303261.741727,303156.862540,-91508.665988,306203.800780
874,0.014585,301140.247729,0.000000,303261.741727,303156.862540,88346.248654,306203.800780
875,0.014633,301027.185401,0.000000,303261.741727,303156.862540,-90137.879270,306203.800780
876,0.014681,300916.516358,0.000000,303261.741727,303156.862540,68098.629413,306203.800780
877,0.014694,300885.146899,0.000000,303261.741727,303156.862540,87955.365202,306203.800780
878,0.014696,300880.423277,0.000000,303261.741727,303156.862540,153754.330810,306203.800780
879,0.014703,300865.103782,0.000000,303261.741727,303156.862540,98517.474013,306203.800780
880,0.014714,300839.949687,0.000000,303261.741727,303156.862540,-243038.149849,306203.800780
881,0.014714,300838.861172,0.000000,303261.741727,303156.862540,-271513.989385,306203.800780
882,0.014789,300664.428697,0.000000,303261.741727,303156.862540,-67704.307429,306203.800780
883,0.014799,300639.906039,0.000000,303261.741727,303156.862540,-319579.949444,306203.800780
884,0.014825,300579.894746,0.000000,303261.741727,303156.862540,-1595.323610,306203.800780
885,0.014848,300525.348226,327274.920471,303261.741727,303156.862540,-102860.746305,306203.800780
886,0.014960,300264.853550,327274.568467,303261.741727,303156.862540,-4323.796953,306203.800780
887,0.015008,300151.661116,0.000000,303261.741727,303156.862540,-142902.200152,306203.800780
888,0.015045,300065.390336,0.000000,303261.741727,303156.862540,65460.307290,306203.800780
889,0.015079,299986.178368,0.000000,303261.741727,303156.862540,84231.644804,306203.800780
890,0.015084,299974.994942,0.000000,303261.741727,303156.862540,-173846.580835,306203.800780
891,0.015112,299908.734971,0.000000,303261.741727,303156.862540,88339.075448,306203.800780
892,0.015146,299829.068345,0.000000,303261.741727,303156.862540,-17562.886436,306203.800780
893,0.015171,299769.957102,327273.900552,303261.741727,303156.862540,-105700.616975,306203.800780
894,0.015233,299626.282446,0.000000,303261.741727,303156.862540,-42017.239538,306203.800780
895,0.015253,299578.843671,0.000000,303261.741727,303156.862540,54505.070218,306203.800780
896,0.015277,299521.457316,0.000000,303261.741727,303156.862540,211991.017934,306203.800780
897,0.015368,299308.228475,0.000000,303261.741727,303156.862540,173482.102497,306203.800780
898,0.015477,299053.584634,0.000000,303261.741727,303156.862540,377385.280743,306203.800780
899,0.015521,298949.671877,0.000000,303261.741727,303156.862540,-96000.884722,306203.800780
900,0.015581,298808.398409,0.000000,303261.741727,303156.862540,51125.310841,306203.800780
901,0.015677,298582.643715,327272.302596,303261.741727,303156.862540,-51300.778382,306203.800780
902,0.015696,298539.114732,0.000000,303261.741727,303156.862540,81532.626201,306203.800780
903,0.015708,298509.412442,0.000000,303261.741727,303156.862540,-141540.279863,306203.800780
904,0.015769,298367.718129,0.000000,303261.741727,303156.862540,-69538.675009,306203.800780
905,0.015828,298228.521089,0.000000,303261.741727,303156.862540,-84871.322991,306203.800780
906,0.015840,298199.562280,0.000000,303261.741727,303156.862540,-82972.568048,306203.800780
907,0.015867,298135.441506,0.000000,303261.741727,303156.862540,10708.675336,306203.800780
908,0.015883,298099.215972,0.000000,303261.741727,303156.862540,-177846.754986,306203.800780
909,0.015968,297897.254700,0.000000,303261.741727,303156.862540,188138.221162,306203.800780
910,0.015997,297830.807675,0.000000,303261.741727,303156.862540,2228.134943,306203.800780
911,0.016000,297822.594261,0.000000,303261.741727,303156.862540,-2672.421059,306203.800780
912,0.016234,297271.067645,0.000000,303261.741727,303156.862540,-277768.871564,306203.800780
913,0.016404,296867.775090,0.000000,303261.741727,303156.862540,-77145.640368,306203.800780
914,0.016793,295946.407072,0.000000,303261.741727,303156.862540,-25953.559902,306203.800780
915,0.016844,295827.194192,0.000000,303261.741727,303156.862540,-76147.552717,306203.800780
916,0.016918,295649.292719,0.000000,303261.741727,303156.862540,-89848.389842,306203.800780
917,0.016945,295586.018709,0.000000,303261.741727,303156.862540,71812.725876,306203.800780
918,0.016952,295568.727551,0.000000,303261.741727,303156.862540,51364.401810,306203.800780
919,0.017003,295448.908055,0.000000,303261.741727,303156.862540,35390.172156,306203.800780
920,0.017142,295118.072041,0.000000,303261.741727,303156.862540,34405.328339,306203.800780
921,0.017221,294930.890815,0.000000,303261.741727,303156.862540,-13224.274445,306203.800780
922,0.017249,294862.260180,0.000000,303261.741727,303156.862540,91856.280633,306203.800780
923,0.017258,294841.308110,0.000000,303261.741727,303156.862540,-17838.049916,306203.800780
924,0.017283,294783.098778,0.000000,303261.741727,303156.862540,-25777.531873,306203.800780
925,0.017347,294630.258002,327267.028515,303261.741727,303156.862540,214048.856986,306203.800780
926,0.017356,294607.549637,327266.998414,303261.741727,303156.862540,131498.071372,306203.800780
927,0.017535,294180.391090,0.000000,303261.741727,303156.862540,-11693.737807,306203.800780
928,0.017610,294003.359076,0.000000,303261.741727,303156.862540,1179.033717,306203.800780
929,0.017681,293832.008110,327265.971779,303261.741727,303156.862540,-138142.020007,306203.800780
930,0.017776,293604.892682,327265.671639,303261.741727,303156.862540,111237.982223,306203.800780
931,0.018090,292853.823187,0.000000,303261.741727,303156.862540,-155613.828652,306203.800780
932,0.018091,292852.250146,0.000000,303261.741727,303156.862540,230356.150689,306203.800780
933,0.018107,292811.802664,327264.625350,303261.741727,303156.862540,79485.425726,306203.800780
934,0.018177,292646.180298,0.000000,303261.741727,303156.862540,11603.296027,306203.800780
935,0.018365,292193.923601,0.000000,303261.741727,303156.862540,-31469.466130,306203.800780
936,0.018470,291941.999294,0.000000,303261.741727,303156.862540,48169.875182,306203.800780
937,0.018595,291640.660072,0.000000,303261.741727,303156.862540,11815.605472,306203.800780
938,0.018689,291413.598682,0.000000,303261.741727,303156.862540,-302620.238320,306203.800780
939,0.018891,290926.118944,0.000000,303261.741727,303156.862540,-123851.665183,306203.800780
940,0.018902,290900.231777,0.000000,303261.741727,303156.862540,113773.892294,306203.800780
941,0.018951,290783.057308,0.000000,303261.741727,303156.862540,-72417.761530,306203.800780
942,0.018955,290773.151666,0.000000,303261.741727,303156.862540,-153848.829987,306203.800780
943,0.019033,290584.640409,0.000000,303261.741727,303156.862540,120943.955940,306203.800780
944,0.019040,290566.639711,0.000000,303261.741727,303156.862540,133837.280273,306203.800780
945,0.019184,290218.309182,0.000000,303261.741727,303156.862540,-328481.067838,306203.800780
946,0.019258,290038.799368,0.000000,303261.741727,303156.862540,-27492.387682,306203.800780
947,0.019302,289932.478581,0.000000,303261.741727,303156.862540,-62305.952367,306203.800780
948,0.019436,289608.577010,0.000000,303261.741727,303156.862540,-88187.978532,306203.800780
949,0.019438,289604.484450,0.000000,303261.741727,303156.862540,-212597.684624,306203.800780
950,0.019498,289458.949260,0.000000,303261.741727,303156.862540,-135052.220366,306203.800780
951,0.019528,289385.007381,0.000000,303261.741727,303156.862540,-112319.048700,306203.800780
952,0.019528,289384.651074,0.000000,303261.741727,303156.862540,-155027.700041,306203.800780
953,0.019547,289338.866167,0.000000,303261.741727,303156.862540,42064.921571,306203.800780
954,0.019560,289306.753400,0.000000,303261.741727,303156.862540,85013.472317,306203.800780
955,0.019613,289179.743377,0.000000,303261.741727,303156.862540,-2996.138654,306203.800780
956,0.019650,289088.987618,0.000000,303261.741727,303156.862540,125368.315842,306203.800780
957,0.019673,289034.259009,0.000000,303261.741727,303156.862540,-271067.232406,306203.800780
958,0.019834,288642.721353,0.000000,303261.741727,303156.862540,-134105.048719,306203.800780
959,0.019942,288378.862096,0.000000,303261.741727,303156.862540,-57561.000276,306203.800780
960,0.020012,288208.167226,0.000000,303261.741727,303156.862540,-23891.620379,306203.800780
961,0.020020,288188.913243,0.000000,303261.741727,303156.862540,-3507.592902,306203.800780
962,0.020052,288110.573430,0.000000,303261.741727,303156.862540,70190.693353,306203.800780
963,0.020268,287584.218041,327257.799007,303261.741727,303156.862540,46693.271724,306203.800780
964,0.020680,286577.315143,0.000000,303261.741727,303156.862540,61218.266030,306203.800780
965,0.020689,286555.135283,0.000000,303261.741727,303156.862540,-180517.216477,306203.800780
966,0.020729,286455.803505,327256.341484,303261.741727,303156.862540,64864.052130,306203.800780
967,0.020944,285928.955288,0.000000,303261.741727,303156.862540,30056.566566,306203.800780
968,0.021068,285624.591867,0.000000,303261.741727,303156.862540,-45272.225241,306203.800780
969,0.021266,285138.114945,0.000000,303261.741727,303156.862540,-37619.735542,306203.800780
970,0.021323,284997.668100,0.000000,303261.741727,303156.862540,-13987.188167,306203.800780
971,0.021361,284902.417520,0.000000,303261.741727,303156.862540,12444.114846,306203.800780
972,0.021777,283876.288727,0.000000,303261.741727,303156.862540,-99409.299001,306203.800780
973,0.021799,283820.497090,0.000000,303261.741727,303156.862540,-182659.447669,306203.800780
974,0.021830,283744.751694,327252.862960,303261.741727,303156.862540,-229514.235200,306203.800780
975,0.021839,283722.691491,0.000000,303261.741727,303156.862540,-146747.291206,306203.800780
976,0.021915,283535.041072,0.000000,303261.741727,303156.862540,-20183.127965,306203.800780
977,0.021918,283526.813769,0.000000,303261.741727,303156.862540,-19598.529054,306203.800780
978,0.022048,283205.162836,0.000000,303261.741727,303156.862540,-30737.682036,306203.800780
979,0.022135,282988.236186,0.000000,303261.741727,303156.862540,-113747.855296,306203.800780
980,0.022139,282980.113833,0.000000,303261.741727,303156.862540,28809.005914,306203.800780
981,0.022275,282640.807699,0.000000,303261.741727,303156.862540,-270504.143360,306203.800780
982,0.022339,282483.591744,327251.255956,303261.741727,303156.862540,-23793.141360,306203.800780
983,0.022431,282253.479601,327250.963506,303261.741727,303156.862540,210990.843822,306203.800780
984,0.022754,281449.552127,0.000000,303261.741727,303156.862540,-69075.906939,306203.800780
985,0.022944,280974.686803,0.000000,303261.741727,303156.862540,-67560.908776,306203.800780
986,0.023209,280310.538785,0.000000,303261.741727,303156.862540,133100.602847,306203.800780
987,0.023915,278538.349443,0.000000,303261.741727,303156.862540,17955.704099,306203.800780
988,0.024381,277359.325818,0.000000,303261.741727,303156.862540,127619.708790,306203.800780
989,0.024404,277301.239445,0.000000,303261.741727,303156.862540,-164197.838649,306203.800780
990,0.024503,277051.499338,0.000000,303261.741727,303156.862540,99252.239728,306203.800780
991,0.024565,276894.369987,0.000000,303261.741727,303156.862540,-100601.177767,306203.800780
992,0.025035,275699.082887,0.000000,303261.741727,303156.862540,-66039.009176,306203.800780
993,0.025049,275664.495545,0.000000,303261.741727,303156.862540,17628.999546,306203.800780
994,0.025375,274831.662733,0.000000,303261.741727,303156.862540,117064.007515,306203.800780
995,0.025376,274830.807299,0.000000,303261.741727,303156.862540,-128138.300307,306203.800780
996,0.026734,271337.593812,0.000000,303261.741727,303156.862540,-127823.380229,306203.800780
997,0.026876,270970.563265,0.000000,303261.741727,303156.862540,-88447.744910,306203.800780
998,0.027476,269410.354164,0.000000,303261.741727,303156.862540,223157.312356,306203.800780
999,0.030811,260573.717801,0.000000,303261.741727,303156.862540,-142080.269487,306203.800780
