#Sample,Regressor_0_EUR-EURIBOR-3M,RegressionDIM,LocalDIM,ExpectedDIM,ZeroOrderDIM,DeltaNPV,SimpleDIM
0,-0.026434,299341.630633,0.000000,92446.153672,98433.223691,143700.775428,130922.570270
1,-0.025956,297402.808226,0.000000,92446.153672,98433.223691,66609.481623,130922.570270
2,-0.025832,296902.038816,124414.135408,92446.153672,98433.223691,50056.284380,130922.570270
3,-0.022576,283682.626138,124357.164935,92446.153672,98433.223691,111503.968558,130922.570270
4,-0.020518,275313.372052,0.000000,92446.153672,98433.223691,-3956.941221,130922.570270
5,-0.020440,274995.879360,0.000000,92446.153672,98433.223691,-147081.215112,130922.570270
6,-0.020262,274274.614697,0.000000,92446.153672,98433.223691,85952.436507,130922.570270
7,-0.019027,269247.109211,0.000000,92446.153672,98433.223691,59759.002289,130922.570270
8,-0.018901,268732.837074,0.000000,92446.153672,98433.223691,330327.115378,130922.570270
9,-0.018642,267679.660237,0.000000,92446.153672,98433.223691,-131280.186022,130922.570270
10,-0.018490,267060.276126,0.000000,92446.153672,98433.223691,126493.077039,130922.570270
11,-0.018140,265631.657293,0.000000,92446.153672,98433.223691,-92885.780272,130922.570270
12,-0.017329,262326.190795,0.000000,92446.153672,98433.223691,-21375.510766,130922.570270
13,-0.016993,260957.655187,0.000000,92446.153672,98433.223691,-11139.275729,130922.570270
14,-0.016740,259925.108726,0.000000,92446.153672,98433.223691,-34892.051787,130922.570270
15,-0.016697,259750.903599,0.000000,92446.153672,98433.223691,-2283.826907,130922.570270
16,-0.016510,258986.409437,0.000000,92446.153672,98433.223691,1418.765857,130922.570270
17,-0.016248,257919.385721,124246.451969,92446.153672,98433.223691,-38703.920664,130922.570270
18,-0.016058,257142.869925,0.000000,92446.153672,98433.223691,-115963.271965,130922.570270
19,-0.015164,253494.359043,0.000000,92446.153672,98433.223691,-93557.010888,130922.570270
20,-0.014866,252275.550988,0.000000,92446.153672,98433.223691,-44909.250248,130922.570270
21,-0.014577,251095.605294,0.000000,92446.153672,98433.223691,213091.596622,130922.570270
22,-0.014413,250427.859797,0.000000,92446.153672,98433.223691,-41231.152518,130922.570270
23,-0.014406,250396.939121,0.000000,92446.153672,98433.223691,-132251.121145,130922.570270
24,-0.014065,249004.358604,0.000000,92446.153672,98433.223691,39740.450443,130922.570270
25,-0.013741,247679.366592,0.000000,92446.153672,98433.223691,94691.017514,130922.570270
26,-0.013674,247405.473540,0.000000,92446.153672,98433.223691,43535.542626,130922.570270
27,-0.013528,246807.186527,0.000000,92446.153672,98433.223691,-165076.974227,130922.570270
28,-0.013310,245917.868922,0.000000,92446.153672,98433.223691,-114019.973176,130922.570270
29,-0.013307,245903.495436,124194.987462,92446.153672,98433.223691,19629.278708,130922.570270
30,-0.012471,242485.346786,0.000000,92446.153672,98433.223691,34038.191373,130922.570270
31,-0.012181,241298.453850,0.000000,92446.153672,98433.223691,157043.890753,130922.570270
32,-0.011475,238404.219681,0.000000,92446.153672,98433.223691,99603.944245,130922.570270
33,-0.011254,237502.333562,0.000000,92446.153672,98433.223691,-37773.635239,130922.570270
34,-0.011022,236549.897010,0.000000,92446.153672,98433.223691,-35712.352960,130922.570270
35,-0.010841,235809.769979,0.000000,92446.153672,98433.223691,-66166.390025,130922.570270
36,-0.010386,233942.433719,0.000000,92446.153672,98433.223691,109731.723437,130922.570270
37,-0.010376,233902.894890,0.000000,92446.153672,98433.223691,40066.212450,130922.570270
38,-0.010163,233028.904770,124139.991478,92446.153672,98433.223691,11267.380060,130922.570270
39,-0.010036,232505.629163,0.000000,92446.153672,98433.223691,-93574.325955,130922.570270
40,-0.009958,232186.900657,0.000000,92446.153672,98433.223691,44996.674453,130922.570270
41,-0.009697,231117.341048,0.000000,92446.153672,98433.223691,112383.116626,130922.570270
42,-0.008693,226993.321426,0.000000,92446.153672,98433.223691,111465.865441,130922.570270
43,-0.008660,226856.972927,0.000000,92446.153672,98433.223691,-11529.138606,130922.570270
44,-0.008643,226786.388702,0.000000,92446.153672,98433.223691,-61084.386059,130922.570270
45,-0.008402,225796.617550,0.000000,92446.153672,98433.223691,86329.692588,130922.570270
46,-0.008244,225146.077712,0.000000,92446.153672,98433.223691,114030.504698,130922.570270
47,-0.008199,224962.033339,0.000000,92446.153672,98433.223691,-7000.637375,130922.570270
48,-0.008048,224342.942981,0.000000,92446.153672,98433.223691,-148147.002476,130922.570270
49,-0.007508,222118.857472,0.000000,92446.153672,98433.223691,-153760.854632,130922.570270
50,-0.007396,221657.975534,0.000000,92446.153672,98433.223691,-21635.529481,130922.570270
51,-0.007347,221457.706603,124090.712531,92446.153672,98433.223691,13037.410028,130922.570270
52,-0.006909,219656.021857,0.000000,92446.153672,98433.223691,-91285.710553,130922.570270
53,-0.006752,219010.692372,0.000000,92446.153672,98433.223691,-17354.522530,130922.570270
54,-0.006702,218804.022434,0.000000,92446.153672,98433.223691,-121010.186903,130922.570270
55,-0.006698,218784.927675,0.000000,92446.153672,98433.223691,171957.501554,130922.570270
56,-0.006637,218534.755704,0.000000,92446.153672,98433.223691,-4977.977299,130922.570270
57,-0.006375,217454.761860,0.000000,92446.153672,98433.223691,62052.756137,130922.570270
58,-0.006311,217191.579641,0.000000,92446.153672,98433.223691,-79370.090802,130922.570270
59,-0.006257,216970.420495,0.000000,92446.153672,98433.223691,-31141.432444,130922.570270
60,-0.006246,216925.395751,0.000000,92446.153672,98433.223691,-44265.228824,130922.570270
61,-0.006082,216248.290351,0.000000,92446.153672,98433.223691,-1260.408138,130922.570270
62,-0.005540,214012.106003,0.000000,92446.153672,98433.223691,177499.241067,130922.570270
63,-0.005534,213990.786858,124058.998339,92446.153672,98433.223691,-216452.702647,130922.570270
64,-0.005514,213906.478830,0.000000,92446.153672,98433.223691,-78019.049456,130922.570270
65,-0.005321,213109.736790,0.000000,92446.153672,98433.223691,-43904.011412,130922.570270
66,-0.005246,212799.340549,0.000000,92446.153672,98433.223691,36367.656714,130922.570270
67,-0.004914,211433.269455,0.000000,92446.153672,98433.223691,-116058.460475,130922.570270
68,-0.004765,210815.989924,0.000000,92446.153672,98433.223691,-50875.999396,130922.570270
69,-0.004728,210663.467323,0.000000,92446.153672,98433.223691,-115900.663782,130922.570270
70,-0.004392,209275.467238,0.000000,92446.153672,98433.223691,-93352.616591,130922.570270
71,-0.004129,208189.283138,0.000000,92446.153672,98433.223691,-20070.193725,130922.570270
72,-0.004062,207913.295646,0.000000,92446.153672,98433.223691,-85096.225067,130922.570270
73,-0.004042,207830.742437,0.000000,92446.153672,98433.223691,40427.091447,130922.570270
74,-0.003966,207514.105469,0.000000,92446.153672,98433.223691,32441.278535,130922.570270
75,-0.003915,207302.924551,0.000000,92446.153672,98433.223691,150337.335548,130922.570270
76,-0.003879,207154.756734,0.000000,92446.153672,98433.223691,74207.573887,130922.570270
77,-0.003871,207124.746241,0.000000,92446.153672,98433.223691,-31705.010825,130922.570270
78,-0.003838,206984.828772,0.000000,92446.153672,98433.223691,-193247.562108,130922.570270
79,-0.003787,206774.072495,124028.418259,92446.153672,98433.223691,149935.084309,130922.570270
80,-0.003767,206694.743338,0.000000,92446.153672,98433.223691,-26590.261956,130922.570270
81,-0.003683,206346.837059,0.000000,92446.153672,98433.223691,-122172.784865,130922.570270
82,-0.003681,206337.682155,0.000000,92446.153672,98433.223691,52448.490529,130922.570270
83,-0.003604,206016.931509,0.000000,92446.153672,98433.223691,-26883.128815,130922.570270
84,-0.003505,205608.960449,0.000000,92446.153672,98433.223691,-40739.369621,130922.570270
85,-0.003296,204746.560117,124019.840479,92446.153672,98433.223691,-23206.121882,130922.570270
86,-0.003285,204700.549189,0.000000,92446.153672,98433.223691,-146174.411509,130922.570270
87,-0.003052,203733.893365,0.000000,92446.153672,98433.223691,-80469.200214,130922.570270
88,-0.002787,202640.158759,0.000000,92446.153672,98433.223691,66699.565890,130922.570270
89,-0.002720,202361.162105,124009.756639,92446.153672,98433.223691,-22172.318273,130922.570270
90,-0.002689,202234.339617,0.000000,92446.153672,98433.223691,-37559.375324,130922.570270
91,-0.002590,201822.239330,0.000000,92446.153672,98433.223691,-103463.829049,130922.570270
92,-0.002548,201650.476438,0.000000,92446.153672,98433.223691,94573.859408,130922.570270
93,-0.002451,201246.427969,124005.047358,92446.153672,98433.223691,72589.593748,130922.570270
94,-0.001702,198142.151846,0.000000,92446.153672,98433.223691,-15090.515175,130922.570270
95,-0.001517,197374.436704,0.000000,92446.153672,98433.223691,71157.230599,130922.570270
96,-0.001291,196437.940457,0.000000,92446.153672,98433.223691,-17594.606681,130922.570270
97,-0.001278,196381.451904,0.000000,92446.153672,98433.223691,-54418.673626,130922.570270
98,-0.001068,195510.432350,0.000000,92446.153672,98433.223691,158905.647779,130922.570270
99,-0.001013,195281.879674,0.000000,92446.153672,98433.223691,-56698.142331,130922.570270
100,-0.000967,195090.613600,0.000000,92446.153672,98433.223691,80544.981214,130922.570270
101,-0.000808,194429.849299,0.000000,92446.153672,98433.223691,-57702.812809,130922.570270
102,-0.000797,194384.912292,0.000000,92446.153672,98433.223691,36884.530515,130922.570270
103,-0.000780,194313.689092,123975.805354,92446.153672,98433.223691,28083.229624,130922.570270
104,-0.000503,193164.386652,0.000000,92446.153672,98433.223691,107135.173971,130922.570270
105,-0.000439,192898.004243,123969.844216,92446.153672,98433.223691,4046.827950,130922.570270
106,-0.000367,192596.790576,0.000000,92446.153672,98433.223691,78501.470925,130922.570270
107,-0.000266,192177.274247,0.000000,92446.153672,98433.223691,78873.272733,130922.570270
108,-0.000203,191914.765986,0.000000,92446.153672,98433.223691,65123.831556,130922.570270
109,-0.000057,191309.655344,0.000000,92446.153672,98433.223691,-132833.993471,130922.570270
110,0.000043,190893.331745,0.000000,92446.153672,98433.223691,-91413.956273,130922.570270
111,0.000101,190651.928870,0.000000,92446.153672,98433.223691,-121039.086809,130922.570270
112,0.000137,190502.891357,0.000000,92446.153672,98433.223691,46890.179101,130922.570270
113,0.000157,190418.389983,0.000000,92446.153672,98433.223691,39421.745906,130922.570270
114,0.000232,190107.204427,0.000000,92446.153672,98433.223691,-6765.224674,130922.570270
115,0.000341,189653.584985,0.000000,92446.153672,98433.223691,-53642.116271,130922.570270
116,0.000386,189463.884360,0.000000,92446.153672,98433.223691,-72594.565346,130922.570270
117,0.000388,189458.286435,0.000000,92446.153672,98433.223691,-41431.491404,130922.570270
118,0.000595,188594.198319,123951.744301,92446.153672,98433.223691,0.000000,130922.570270
119,0.000614,188515.050046,0.000000,92446.153672,98433.223691,25409.040690,130922.570270
120,0.000730,188033.743603,0.000000,92446.153672,98433.223691,-96767.074377,130922.570270
121,0.000739,187994.958718,0.000000,92446.153672,98433.223691,-25256.935842,130922.570270
122,0.000743,187979.397034,0.000000,92446.153672,98433.223691,-46441.658333,130922.570270
123,0.000749,187953.402373,123949.052377,92446.153672,98433.223691,52311.239101,130922.570270
124,0.000757,187921.814694,0.000000,92446.153672,98433.223691,-80566.747310,130922.570270
125,0.000786,187798.075746,0.000000,92446.153672,98433.223691,-29211.231513,130922.570270
126,0.000787,187794.108730,0.000000,92446.153672,98433.223691,24426.281941,130922.570270
127,0.001123,186394.656825,0.000000,92446.153672,98433.223691,-96633.901189,130922.570270
128,0.001274,185764.995541,0.000000,92446.153672,98433.223691,-90345.671213,130922.570270
129,0.001290,185699.502246,0.000000,92446.153672,98433.223691,29774.900238,130922.570270
130,0.001382,185313.478949,0.000000,92446.153672,98433.223691,77602.777918,130922.570270
131,0.001469,184951.241900,0.000000,92446.153672,98433.223691,64851.226797,130922.570270
132,0.001611,184360.391550,0.000000,92446.153672,98433.223691,-151111.684743,130922.570270
133,0.001736,183838.933168,0.000000,92446.153672,98433.223691,49333.222023,130922.570270
134,0.001799,183576.345409,0.000000,92446.153672,98433.223691,-44108.400722,130922.570270
135,0.001827,183457.529048,0.000000,92446.153672,98433.223691,66577.931901,130922.570270
136,0.001841,183398.264690,0.000000,92446.153672,98433.223691,-33370.378651,130922.570270
137,0.001851,183357.178518,0.000000,92446.153672,98433.223691,-84723.602918,130922.570270
138,0.001928,183034.853320,0.000000,92446.153672,98433.223691,84711.838508,130922.570270
139,0.001943,182972.193389,0.000000,92446.153672,98433.223691,46943.374179,130922.570270
140,0.002001,182733.393027,0.000000,92446.153672,98433.223691,-27720.813885,130922.570270
141,0.002012,182686.379235,123926.956889,92446.153672,98433.223691,-61012.097896,130922.570270
142,0.002045,182547.418668,0.000000,92446.153672,98433.223691,15566.665727,130922.570270
143,0.002058,182493.226302,0.000000,92446.153672,98433.223691,-7264.510246,130922.570270
144,0.002114,182260.683318,0.000000,92446.153672,98433.223691,-119801.715862,130922.570270
145,0.002122,182225.791158,0.000000,92446.153672,98433.223691,18602.043650,130922.570270
146,0.002281,181560.814312,0.000000,92446.153672,98433.223691,26259.467625,130922.570270
147,0.002299,181487.358871,0.000000,92446.153672,98433.223691,-50946.472016,130922.570270
148,0.002305,181462.776163,0.000000,92446.153672,98433.223691,-22431.738872,130922.570270
149,0.002384,181130.751453,0.000000,92446.153672,98433.223691,-36243.486937,130922.570270
150,0.002401,181062.026255,0.000000,92446.153672,98433.223691,42699.284863,130922.570270
151,0.002410,181024.462559,0.000000,92446.153672,98433.223691,103313.490897,130922.570270
152,0.002547,180449.101298,0.000000,92446.153672,98433.223691,130484.135759,130922.570270
153,0.002548,180446.078916,0.000000,92446.153672,98433.223691,-32260.852182,130922.570270
154,0.002630,180102.598210,0.000000,92446.153672,98433.223691,212100.851308,130922.570270
155,0.002662,179969.352961,0.000000,92446.153672,98433.223691,-87151.157398,130922.570270
156,0.002726,179702.106205,0.000000,92446.153672,98433.223691,-95155.775197,130922.570270
157,0.002773,179503.163205,0.000000,92446.153672,98433.223691,-91034.475706,130922.570270
158,0.002886,179032.361608,0.000000,92446.153672,98433.223691,-112152.760584,130922.570270
159,0.002904,178959.150783,0.000000,92446.153672,98433.223691,7825.447546,130922.570270
160,0.002922,178880.247810,0.000000,92446.153672,98433.223691,5953.481338,130922.570270
161,0.002937,178820.311392,0.000000,92446.153672,98433.223691,112925.746179,130922.570270
162,0.003209,177679.733375,0.000000,92446.153672,98433.223691,-97252.435632,130922.570270
163,0.003230,177591.470641,0.000000,92446.153672,98433.223691,97095.133066,130922.570270
164,0.003426,176771.228150,0.000000,92446.153672,98433.223691,214480.649822,130922.570270
165,0.003433,176741.766294,123902.088825,92446.153672,98433.223691,9756.223843,130922.570270
166,0.003434,176738.426405,0.000000,92446.153672,98433.223691,20485.994018,130922.570270
167,0.003529,176338.612985,123900.405163,92446.153672,98433.223691,108846.794319,130922.570270
168,0.003547,176262.652225,0.000000,92446.153672,98433.223691,-10638.722070,130922.570270
169,0.003587,176096.751935,0.000000,92446.153672,98433.223691,24209.195257,130922.570270
170,0.003620,175957.174711,0.000000,92446.153672,98433.223691,10417.328028,130922.570270
171,0.003667,175761.277972,0.000000,92446.153672,98433.223691,-78105.177207,130922.570270
172,0.003668,175758.182656,0.000000,92446.153672,98433.223691,-66084.237246,130922.570270
173,0.003859,174955.636681,0.000000,92446.153672,98433.223691,119776.872757,130922.570270
174,0.004124,173844.732309,0.000000,92446.153672,98433.223691,79242.936029,130922.570270
175,0.004124,173844.181543,0.000000,92446.153672,98433.223691,146689.219787,130922.570270
176,0.004184,173592.293106,0.000000,92446.153672,98433.223691,-155728.083360,130922.570270
177,0.004208,173490.380895,0.000000,92446.153672,98433.223691,5550.160739,130922.570270
178,0.004292,173139.752254,0.000000,92446.153672,98433.223691,-137043.482293,130922.570270
179,0.004301,173100.831978,123886.897205,92446.153672,98433.223691,1393.207197,130922.570270
180,0.004331,172977.889038,0.000000,92446.153672,98433.223691,-119546.652400,130922.570270
181,0.004341,172933.296928,0.000000,92446.153672,98433.223691,-121789.801138,130922.570270
182,0.004363,172840.893257,123885.813830,92446.153672,98433.223691,79769.549663,130922.570270
183,0.004493,172297.739613,0.000000,92446.153672,98433.223691,-39262.143450,130922.570270
184,0.004547,172067.113403,123882.589836,92446.153672,98433.223691,-38580.175808,130922.570270
185,0.004641,171673.900214,0.000000,92446.153672,98433.223691,92053.694876,130922.570270
186,0.004777,171103.741518,0.000000,92446.153672,98433.223691,60425.273315,130922.570270
187,0.004874,170695.549960,0.000000,92446.153672,98433.223691,-160829.673171,130922.570270
188,0.004893,170614.110650,0.000000,92446.153672,98433.223691,47422.020765,130922.570270
189,0.005045,169976.352837,0.000000,92446.153672,98433.223691,117017.389429,130922.570270
190,0.005160,169493.764960,0.000000,92446.153672,98433.223691,-44289.329687,130922.570270
191,0.005164,169474.466157,0.000000,92446.153672,98433.223691,188736.196100,130922.570270
192,0.005212,169274.251118,0.000000,92446.153672,98433.223691,-141765.784588,130922.570270
193,0.005504,168045.067625,0.000000,92446.153672,98433.223691,-116672.777077,130922.570270
194,0.005594,167665.432100,0.000000,92446.153672,98433.223691,0.000000,130922.570270
195,0.005673,167334.305396,0.000000,92446.153672,98433.223691,197163.116063,130922.570270
196,0.005742,167041.116369,0.000000,92446.153672,98433.223691,-67110.233688,130922.570270
197,0.005751,167003.085485,0.000000,92446.153672,98433.223691,134694.773390,130922.570270
198,0.005779,166886.665172,0.000000,92446.153672,98433.223691,-36036.253889,130922.570270
199,0.005779,166885.216572,0.000000,92446.153672,98433.223691,57079.027735,130922.570270
200,0.005834,166655.572944,0.000000,92446.153672,98433.223691,92159.528110,130922.570270
201,0.005861,166538.086422,0.000000,92446.153672,98433.223691,36366.884255,130922.570270
202,0.005873,166489.160513,0.000000,92446.153672,98433.223691,-30798.246276,130922.570270
203,0.006036,165800.441324,0.000000,92446.153672,98433.223691,-92444.927907,130922.570270
204,0.006038,165792.314055,0.000000,92446.153672,98433.223691,8727.965304,130922.570270
205,0.006048,165749.488968,0.000000,92446.153672,98433.223691,92601.965444,130922.570270
206,0.006097,165545.508185,123855.477582,92446.153672,98433.223691,-12543.819432,130922.570270
207,0.006139,165368.825779,0.000000,92446.153672,98433.223691,72276.102379,130922.570270
208,0.006170,165237.042500,0.000000,92446.153672,98433.223691,8618.697777,130922.570270
209,0.006221,165022.298630,0.000000,92446.153672,98433.223691,0.000000,130922.570270
210,0.006411,164220.769793,0.000000,92446.153672,98433.223691,-53388.760550,130922.570270
211,0.006422,164172.605685,0.000000,92446.153672,98433.223691,11406.270109,130922.570270
212,0.006435,164116.815484,0.000000,92446.153672,98433.223691,-183285.720728,130922.570270
213,0.006576,163524.314823,0.000000,92446.153672,98433.223691,61476.938774,130922.570270
214,0.006607,163390.664325,0.000000,92446.153672,98433.223691,0.000000,130922.570270
215,0.006712,162949.751562,0.000000,92446.153672,98433.223691,0.000000,130922.570270
216,0.006751,162785.706609,0.000000,92446.153672,98433.223691,49326.771416,130922.570270
217,0.006948,161951.919806,0.000000,92446.153672,98433.223691,115137.242974,130922.570270
218,0.007020,161646.197359,0.000000,92446.153672,98433.223691,55199.195639,130922.570270
219,0.007036,161579.505821,0.000000,92446.153672,98433.223691,-23113.154389,130922.570270
220,0.007037,161576.283977,0.000000,92446.153672,98433.223691,70685.941722,130922.570270
221,0.007107,161277.291004,0.000000,92446.153672,98433.223691,-123871.067584,130922.570270
222,0.007267,160602.043686,0.000000,92446.153672,98433.223691,-61268.191364,130922.570270
223,0.007291,160501.360552,123834.586629,92446.153672,98433.223691,-56256.993604,130922.570270
224,0.007299,160466.626047,0.000000,92446.153672,98433.223691,-93657.708750,130922.570270
225,0.007405,160019.290575,0.000000,92446.153672,98433.223691,-49747.707935,130922.570270
226,0.007421,159949.582818,0.000000,92446.153672,98433.223691,-99141.629685,130922.570270
227,0.007442,159860.733610,0.000000,92446.153672,98433.223691,91256.169745,130922.570270
228,0.007455,159804.636837,0.000000,92446.153672,98433.223691,6606.569600,130922.570270
229,0.007468,159751.671850,0.000000,92446.153672,98433.223691,-24741.327443,130922.570270
230,0.007607,159160.924617,0.000000,92446.153672,98433.223691,93090.692102,130922.570270
231,0.007676,158871.840566,0.000000,92446.153672,98433.223691,-93043.745531,130922.570270
232,0.007691,158804.217323,123827.574360,92446.153672,98433.223691,0.000000,130922.570270
233,0.007736,158615.385472,0.000000,92446.153672,98433.223691,54893.753045,130922.570270
234,0.007876,158023.031818,0.000000,92446.153672,98433.223691,-56247.723961,130922.570270
235,0.007946,157725.078464,123823.120120,92446.153672,98433.223691,-34145.092054,130922.570270
236,0.007995,157515.473690,0.000000,92446.153672,98433.223691,-90597.487100,130922.570270
237,0.008020,157409.477192,0.000000,92446.153672,98433.223691,17289.787334,130922.570270
238,0.008024,157392.231783,0.000000,92446.153672,98433.223691,6630.210817,130922.570270
239,0.008045,157306.162055,0.000000,92446.153672,98433.223691,-105011.289943,130922.570270
240,0.008057,157255.466642,0.000000,92446.153672,98433.223691,0.000000,130922.570270
241,0.008128,156953.859777,0.000000,92446.153672,98433.223691,83550.586131,130922.570270
242,0.008182,156721.826814,0.000000,92446.153672,98433.223691,-80548.358065,130922.570270
243,0.008220,156563.778090,0.000000,92446.153672,98433.223691,0.000000,130922.570270
244,0.008327,156107.622899,0.000000,92446.153672,98433.223691,34174.178245,130922.570270
245,0.008368,155933.612123,0.000000,92446.153672,98433.223691,-65775.800769,130922.570270
246,0.008448,155594.522942,0.000000,92446.153672,98433.223691,0.000000,130922.570270
247,0.008538,155212.350234,0.000000,92446.153672,98433.223691,0.000000,130922.570270
248,0.008762,154258.096642,0.000000,92446.153672,98433.223691,34133.450204,130922.570270
249,0.008889,153718.142136,0.000000,92446.153672,98433.223691,-5952.134123,130922.570270
250,0.008964,153401.544017,0.000000,92446.153672,98433.223691,113851.956720,130922.570270
251,0.008993,153276.092583,0.000000,92446.153672,98433.223691,118648.030597,130922.570270
252,0.009021,153156.570060,0.000000,92446.153672,98433.223691,0.000000,130922.570270
253,0.009233,152253.488846,0.000000,92446.153672,98433.223691,122162.201174,130922.570270
254,0.009259,152144.931095,0.000000,92446.153672,98433.223691,15836.058772,130922.570270
255,0.009349,151762.621006,123798.576589,92446.153672,98433.223691,-76373.588769,130922.570270
256,0.009364,151695.091586,0.000000,92446.153672,98433.223691,-23939.664940,130922.570270
257,0.009450,151329.593261,0.000000,92446.153672,98433.223691,83339.293302,130922.570270
258,0.009758,150015.509577,0.000000,92446.153672,98433.223691,0.000000,130922.570270
259,0.009822,149743.794648,0.000000,92446.153672,98433.223691,30783.320391,130922.570270
260,0.009831,149706.421822,0.000000,92446.153672,98433.223691,0.000000,130922.570270
261,0.009832,149701.399043,0.000000,92446.153672,98433.223691,15986.009528,130922.570270
262,0.009891,149450.695587,0.000000,92446.153672,98433.223691,-90219.095497,130922.570270
263,0.009899,149414.581022,0.000000,92446.153672,98433.223691,-140394.056018,130922.570270
264,0.009934,149266.259349,0.000000,92446.153672,98433.223691,0.000000,130922.570270
265,0.010087,148613.081459,0.000000,92446.153672,98433.223691,0.000000,130922.570270
266,0.010122,148462.162973,0.000000,92446.153672,98433.223691,17187.040292,130922.570270
267,0.010138,148394.464313,0.000000,92446.153672,98433.223691,-43167.379803,130922.570270
268,0.010228,148011.038774,0.000000,92446.153672,98433.223691,191083.188875,130922.570270
269,0.010250,147913.842036,0.000000,92446.153672,98433.223691,-72344.717353,130922.570270
270,0.010254,147897.973338,0.000000,92446.153672,98433.223691,0.000000,130922.570270
271,0.010272,147820.035631,0.000000,92446.153672,98433.223691,-6064.984238,130922.570270
272,0.010287,147758.420629,0.000000,92446.153672,98433.223691,-138893.750342,130922.570270
273,0.010288,147750.749293,0.000000,92446.153672,98433.223691,17605.778626,130922.570270
274,0.010360,147446.447853,0.000000,92446.153672,98433.223691,133845.203618,130922.570270
275,0.010363,147431.540892,0.000000,92446.153672,98433.223691,145386.803731,130922.570270
276,0.010365,147422.475868,0.000000,92446.153672,98433.223691,-88164.299365,130922.570270
277,0.010373,147391.217976,0.000000,92446.153672,98433.223691,0.000000,130922.570270
278,0.010544,146657.374466,0.000000,92446.153672,98433.223691,-14987.994253,130922.570270
279,0.010549,146637.791682,123777.578314,92446.153672,98433.223691,-44800.301565,130922.570270
280,0.010598,146427.022270,0.000000,92446.153672,98433.223691,40404.477780,130922.570270
281,0.010811,145515.141706,0.000000,92446.153672,98433.223691,8666.808662,130922.570270
282,0.010830,145434.465000,0.000000,92446.153672,98433.223691,3520.733236,130922.570270
283,0.010868,145268.952107,0.000000,92446.153672,98433.223691,0.000000,130922.570270
284,0.010883,145206.781734,0.000000,92446.153672,98433.223691,63893.241941,130922.570270
285,0.010934,144988.186070,0.000000,92446.153672,98433.223691,0.000000,130922.570270
286,0.011032,144565.365198,123769.114391,92446.153672,98433.223691,42235.137947,130922.570270
287,0.011141,144100.201924,0.000000,92446.153672,98433.223691,-45588.771221,130922.570270
288,0.011198,143852.381364,0.000000,92446.153672,98433.223691,-6376.304061,130922.570270
289,0.011231,143714.264100,0.000000,92446.153672,98433.223691,20115.704008,130922.570270
290,0.011254,143612.069785,0.000000,92446.153672,98433.223691,0.000000,130922.570270
291,0.011279,143505.046978,0.000000,92446.153672,98433.223691,34608.477842,130922.570270
292,0.011457,142741.914865,0.000000,92446.153672,98433.223691,31619.269875,130922.570270
293,0.011468,142694.883474,0.000000,92446.153672,98433.223691,35206.479321,130922.570270
294,0.011538,142395.219049,0.000000,92446.153672,98433.223691,51973.419375,130922.570270
295,0.011609,142090.629750,0.000000,92446.153672,98433.223691,-62732.981277,130922.570270
296,0.011697,141708.652828,0.000000,92446.153672,98433.223691,-28091.029163,130922.570270
297,0.011699,141699.976652,0.000000,92446.153672,98433.223691,-18014.811842,130922.570270
298,0.011802,141259.679439,0.000000,92446.153672,98433.223691,16827.766198,130922.570270
299,0.011847,141067.088763,0.000000,92446.153672,98433.223691,12521.367942,130922.570270
300,0.011896,140854.192212,0.000000,92446.153672,98433.223691,-46872.788217,130922.570270
301,0.011900,140838.670046,123753.936921,92446.153672,98433.223691,-13570.537202,130922.570270
302,0.011922,140742.821379,0.000000,92446.153672,98433.223691,-45500.894399,130922.570270
303,0.011957,140591.420340,0.000000,92446.153672,98433.223691,0.000000,130922.570270
304,0.012004,140387.806011,0.000000,92446.153672,98433.223691,0.000000,130922.570270
305,0.012021,140315.092973,0.000000,92446.153672,98433.223691,33842.174220,130922.570270
306,0.012071,140101.329719,0.000000,92446.153672,98433.223691,0.000000,130922.570270
307,0.012093,140004.214746,0.000000,92446.153672,98433.223691,-102433.459963,130922.570270
308,0.012098,139985.616386,0.000000,92446.153672,98433.223691,119311.762227,130922.570270
309,0.012105,139953.497696,0.000000,92446.153672,98433.223691,-21777.451037,130922.570270
310,0.012202,139537.698760,0.000000,92446.153672,98433.223691,-15032.814822,130922.570270
311,0.012235,139392.259212,0.000000,92446.153672,98433.223691,0.000000,130922.570270
312,0.012260,139286.697851,0.000000,92446.153672,98433.223691,0.000000,130922.570270
313,0.012289,139160.924709,0.000000,92446.153672,98433.223691,-66163.982034,130922.570270
314,0.012296,139131.970166,0.000000,92446.153672,98433.223691,76141.615136,130922.570270
315,0.012323,139012.997549,0.000000,92446.153672,98433.223691,-22109.666997,130922.570270
316,0.012392,138715.670821,0.000000,92446.153672,98433.223691,158122.885851,130922.570270
317,0.012406,138655.906626,123745.073997,92446.153672,98433.223691,0.000000,130922.570270
318,0.012463,138410.085209,0.000000,92446.153672,98433.223691,0.000000,130922.570270
319,0.012474,138361.009000,123743.878159,92446.153672,98433.223691,81427.792288,130922.570270
320,0.012483,138322.067366,0.000000,92446.153672,98433.223691,0.000000,130922.570270
321,0.012488,138301.427606,0.000000,92446.153672,98433.223691,107946.492659,130922.570270
322,0.012498,138257.926456,0.000000,92446.153672,98433.223691,0.000000,130922.570270
323,0.012512,138198.437376,0.000000,92446.153672,98433.223691,-69245.790367,130922.570270
324,0.012555,138011.161662,0.000000,92446.153672,98433.223691,-51447.593340,130922.570270
325,0.012593,137848.700417,0.000000,92446.153672,98433.223691,0.000000,130922.570270
326,0.012611,137770.169828,123741.483396,92446.153672,98433.223691,-9254.907283,130922.570270
327,0.012657,137571.902900,0.000000,92446.153672,98433.223691,164501.497898,130922.570270
328,0.012798,136964.307975,0.000000,92446.153672,98433.223691,-54917.130979,130922.570270
329,0.012825,136846.444122,0.000000,92446.153672,98433.223691,0.000000,130922.570270
330,0.012838,136791.502085,0.000000,92446.153672,98433.223691,41497.752897,130922.570270
331,0.012916,136453.791275,0.000000,92446.153672,98433.223691,0.000000,130922.570270
332,0.012936,136367.210467,0.000000,92446.153672,98433.223691,-94645.948250,130922.570270
333,0.012936,136366.898529,0.000000,92446.153672,98433.223691,159240.766780,130922.570270
334,0.012947,136317.740797,123735.603062,92446.153672,98433.223691,0.000000,130922.570270
335,0.012963,136249.615008,0.000000,92446.153672,98433.223691,129723.250817,130922.570270
336,0.012969,136224.045662,0.000000,92446.153672,98433.223691,-74140.282764,130922.570270
337,0.013064,135814.864373,123733.569323,92446.153672,98433.223691,38626.616128,130922.570270
338,0.013117,135583.926810,0.000000,92446.153672,98433.223691,80790.754199,130922.570270
339,0.013147,135454.501536,0.000000,92446.153672,98433.223691,-121588.043664,130922.570270
340,0.013190,135265.704266,0.000000,92446.153672,98433.223691,0.000000,130922.570270
341,0.013284,134858.533369,0.000000,92446.153672,98433.223691,-16087.577424,130922.570270
342,0.013309,134753.603555,0.000000,92446.153672,98433.223691,-249958.166673,130922.570270
343,0.013323,134691.925669,0.000000,92446.153672,98433.223691,-148942.757696,130922.570270
344,0.013335,134637.552352,123728.812574,92446.153672,98433.223691,-16991.438878,130922.570270
345,0.013347,134584.957560,0.000000,92446.153672,98433.223691,38611.431089,130922.570270
346,0.013362,134523.095561,0.000000,92446.153672,98433.223691,0.000000,130922.570270
347,0.013421,134266.796924,123727.315930,92446.153672,98433.223691,0.000000,130922.570270
348,0.013449,134145.245297,0.000000,92446.153672,98433.223691,0.000000,130922.570270
349,0.013583,133562.523246,0.000000,92446.153672,98433.223691,7615.672505,130922.570270
350,0.013645,133295.598554,0.000000,92446.153672,98433.223691,-58708.174736,130922.570270
351,0.013887,132245.276438,0.000000,92446.153672,98433.223691,-27624.003911,130922.570270
352,0.013897,132201.183258,0.000000,92446.153672,98433.223691,32828.666237,130922.570270
353,0.013931,132052.527393,123718.391148,92446.153672,98433.223691,0.000000,130922.570270
354,0.013946,131986.337999,0.000000,92446.153672,98433.223691,-29397.809150,130922.570270
355,0.013952,131961.401622,0.000000,92446.153672,98433.223691,0.000000,130922.570270
356,0.013963,131913.972495,123717.833483,92446.153672,98433.223691,0.000000,130922.570270
357,0.013964,131909.071238,0.000000,92446.153672,98433.223691,-45887.970894,130922.570270
358,0.014000,131753.451889,0.000000,92446.153672,98433.223691,-18611.104845,130922.570270
359,0.014180,130967.283528,0.000000,92446.153672,98433.223691,0.000000,130922.570270
360,0.014198,130890.631506,0.000000,92446.153672,98433.223691,0.000000,130922.570270
361,0.014208,130846.457119,0.000000,92446.153672,98433.223691,0.000000,130922.570270
362,0.014232,130742.919651,0.000000,92446.153672,98433.223691,0.000000,130922.570270
363,0.014236,130724.176963,0.000000,92446.153672,98433.223691,-50491.493157,130922.570270
364,0.014294,130472.532114,0.000000,92446.153672,98433.223691,0.000000,130922.570270
365,0.014342,130262.450840,0.000000,92446.153672,98433.223691,-22276.808831,130922.570270
366,0.014373,130128.312393,123710.654999,92446.153672,98433.223691,116622.256515,130922.570270
367,0.014380,130095.978689,0.000000,92446.153672,98433.223691,-127147.886190,130922.570270
368,0.014480,129663.602872,0.000000,92446.153672,98433.223691,0.000000,130922.570270
369,0.014499,129576.869371,0.000000,92446.153672,98433.223691,0.000000,130922.570270
370,0.014513,129517.685376,0.000000,92446.153672,98433.223691,0.000000,130922.570270
371,0.014567,129283.405196,0.000000,92446.153672,98433.223691,0.000000,130922.570270
372,0.014762,128432.849225,0.000000,92446.153672,98433.223691,26977.641830,130922.570270
373,0.014798,128271.772056,0.000000,92446.153672,98433.223691,0.000000,130922.570270
374,0.014888,127879.849705,0.000000,92446.153672,98433.223691,0.000000,130922.570270
375,0.014900,127828.667980,0.000000,92446.153672,98433.223691,-83375.841817,130922.570270
376,0.014943,127640.315223,0.000000,92446.153672,98433.223691,0.000000,130922.570270
377,0.014991,127429.822669,0.000000,92446.153672,98433.223691,0.000000,130922.570270
378,0.015094,126979.731815,0.000000,92446.153672,98433.223691,0.000000,130922.570270
379,0.015149,126737.621727,0.000000,92446.153672,98433.223691,0.000000,130922.570270
380,0.015161,126685.876631,0.000000,92446.153672,98433.223691,0.000000,130922.570270
381,0.015220,126427.507299,0.000000,92446.153672,98433.223691,44908.930460,130922.570270
382,0.015288,126131.551169,0.000000,92446.153672,98433.223691,0.000000,130922.570270
383,0.015355,125834.659979,0.000000,92446.153672,98433.223691,55083.666683,130922.570270
384,0.015379,125729.379947,0.000000,92446.153672,98433.223691,-38309.375720,130922.570270
385,0.015448,125428.157122,123691.839302,92446.153672,98433.223691,0.000000,130922.570270
386,0.015474,125316.329205,0.000000,92446.153672,98433.223691,0.000000,130922.570270
387,0.015479,125291.675224,0.000000,92446.153672,98433.223691,-29126.188272,130922.570270
388,0.015491,125242.363307,0.000000,92446.153672,98433.223691,0.000000,130922.570270
389,0.015605,124741.192751,0.000000,92446.153672,98433.223691,-34910.468112,130922.570270
390,0.015688,124376.782937,0.000000,92446.153672,98433.223691,0.000000,130922.570270
391,0.015701,124316.957218,0.000000,92446.153672,98433.223691,0.000000,130922.570270
392,0.015710,124277.325521,0.000000,92446.153672,98433.223691,-70622.316952,130922.570270
393,0.015744,124129.854145,0.000000,92446.153672,98433.223691,13134.924302,130922.570270
394,0.015804,123868.160353,123685.621069,92446.153672,98433.223691,0.000000,130922.570270
395,0.015828,123760.729100,0.000000,92446.153672,98433.223691,0.000000,130922.570270
396,0.015887,123501.059201,0.000000,92446.153672,98433.223691,0.000000,130922.570270
397,0.015896,123459.882464,0.000000,92446.153672,98433.223691,35648.984430,130922.570270
398,0.015900,123445.541563,0.000000,92446.153672,98433.223691,0.000000,130922.570270
399,0.015926,123330.212491,0.000000,92446.153672,98433.223691,0.000000,130922.570270
400,0.015941,123263.174288,0.000000,92446.153672,98433.223691,0.000000,130922.570270
401,0.015977,123105.880552,123682.587658,92446.153672,98433.223691,0.000000,130922.570270
402,0.015991,123045.300697,0.000000,92446.153672,98433.223691,0.000000,130922.570270
403,0.016023,122903.843228,0.000000,92446.153672,98433.223691,0.000000,130922.570270
404,0.016030,122871.730548,0.000000,92446.153672,98433.223691,-120399.054188,130922.570270
405,0.016040,122829.511480,123681.488714,92446.153672,98433.223691,0.000000,130922.570270
406,0.016082,122642.541610,0.000000,92446.153672,98433.223691,0.000000,130922.570270
407,0.016124,122458.609752,0.000000,92446.153672,98433.223691,0.000000,130922.570270
408,0.016161,122294.497183,0.000000,92446.153672,98433.223691,0.000000,130922.570270
409,0.016214,122061.075283,0.000000,92446.153672,98433.223691,-16267.559241,130922.570270
410,0.016259,121862.015244,0.000000,92446.153672,98433.223691,28376.051851,130922.570270
411,0.016264,121841.148413,0.000000,92446.153672,98433.223691,0.000000,130922.570270
412,0.016283,121755.855232,0.000000,92446.153672,98433.223691,0.000000,130922.570270
413,0.016358,121426.470224,0.000000,92446.153672,98433.223691,25606.797823,130922.570270
414,0.016370,121372.943620,0.000000,92446.153672,98433.223691,0.000000,130922.570270
415,0.016381,121326.094551,123675.518525,92446.153672,98433.223691,22779.787932,130922.570270
416,0.016386,121302.578802,0.000000,92446.153672,98433.223691,0.000000,130922.570270
417,0.016441,121060.666134,0.000000,92446.153672,98433.223691,0.000000,130922.570270
418,0.016488,120855.192688,0.000000,92446.153672,98433.223691,0.000000,130922.570270
419,0.016535,120644.560921,0.000000,92446.153672,98433.223691,-61154.589082,130922.570270
420,0.016538,120632.312642,0.000000,92446.153672,98433.223691,0.000000,130922.570270
421,0.016582,120438.677498,0.000000,92446.153672,98433.223691,31892.282037,130922.570270
422,0.016588,120409.923347,123671.887036,92446.153672,98433.223691,0.000000,130922.570270
423,0.016661,120087.617541,0.000000,92446.153672,98433.223691,-14031.274895,130922.570270
424,0.016675,120026.183501,0.000000,92446.153672,98433.223691,125815.229359,130922.570270
425,0.016713,119858.805447,0.000000,92446.153672,98433.223691,0.000000,130922.570270
426,0.016750,119694.893956,0.000000,92446.153672,98433.223691,45579.510438,130922.570270
427,0.016765,119627.481198,0.000000,92446.153672,98433.223691,0.000000,130922.570270
428,0.016793,119506.866227,0.000000,92446.153672,98433.223691,140037.897521,130922.570270
429,0.016864,119192.531572,123667.069623,92446.153672,98433.223691,0.000000,130922.570270
430,0.016872,119155.188744,0.000000,92446.153672,98433.223691,0.000000,130922.570270
431,0.016955,118786.436775,0.000000,92446.153672,98433.223691,0.000000,130922.570270
432,0.017029,118458.075379,0.000000,92446.153672,98433.223691,0.000000,130922.570270
433,0.017079,118236.549645,0.000000,92446.153672,98433.223691,0.000000,130922.570270
434,0.017085,118213.478641,0.000000,92446.153672,98433.223691,0.000000,130922.570270
435,0.017115,118079.756927,0.000000,92446.153672,98433.223691,129986.900313,130922.570270
436,0.017206,117676.352691,0.000000,92446.153672,98433.223691,30873.485152,130922.570270
437,0.017300,117259.796959,0.000000,92446.153672,98433.223691,39170.431029,130922.570270
438,0.017315,117190.241879,123659.166780,92446.153672,98433.223691,0.000000,130922.570270
439,0.017361,116985.873040,0.000000,92446.153672,98433.223691,0.000000,130922.570270
440,0.017397,116825.149597,0.000000,92446.153672,98433.223691,58708.567553,130922.570270
441,0.017510,116323.147125,0.000000,92446.153672,98433.223691,0.000000,130922.570270
442,0.017511,116318.665770,0.000000,92446.153672,98433.223691,-25286.914967,130922.570270
443,0.017639,115752.585814,0.000000,92446.153672,98433.223691,-166226.361982,130922.570270
444,0.017649,115707.051911,0.000000,92446.153672,98433.223691,72262.881733,130922.570270
445,0.017746,115275.052608,0.000000,92446.153672,98433.223691,0.000000,130922.570270
446,0.017820,114945.842103,0.000000,92446.153672,98433.223691,0.000000,130922.570270
447,0.017845,114832.332165,0.000000,92446.153672,98433.223691,0.000000,130922.570270
448,0.017922,114490.757971,0.000000,92446.153672,98433.223691,-40777.968472,130922.570270
449,0.018027,114019.378861,0.000000,92446.153672,98433.223691,0.000000,130922.570270
450,0.018029,114009.657741,0.000000,92446.153672,98433.223691,61266.352728,130922.570270
451,0.018112,113641.760688,0.000000,92446.153672,98433.223691,0.000000,130922.570270
452,0.018127,113572.075703,0.000000,92446.153672,98433.223691,0.000000,130922.570270
453,0.018158,113433.904221,0.000000,92446.153672,98433.223691,29178.400869,130922.570270
454,0.018180,113337.559029,0.000000,92446.153672,98433.223691,-199050.207184,130922.570270
455,0.018230,113111.587754,0.000000,92446.153672,98433.223691,71655.734509,130922.570270
456,0.018308,112763.598706,0.000000,92446.153672,98433.223691,83472.331851,130922.570270
457,0.018380,112439.835874,0.000000,92446.153672,98433.223691,0.000000,130922.570270
458,0.018384,112424.892853,123640.466964,92446.153672,98433.223691,-21181.149876,130922.570270
459,0.018421,112257.575596,123639.813305,92446.153672,98433.223691,-35816.205983,130922.570270
460,0.018426,112234.648792,0.000000,92446.153672,98433.223691,151695.049888,130922.570270
461,0.018433,112203.788016,123639.603216,92446.153672,98433.223691,0.000000,130922.570270
462,0.018450,112130.054234,0.000000,92446.153672,98433.223691,-4168.090210,130922.570270
463,0.018531,111764.057320,0.000000,92446.153672,98433.223691,0.000000,130922.570270
464,0.018591,111497.519281,0.000000,92446.153672,98433.223691,150113.096551,130922.570270
465,0.018593,111488.146974,0.000000,92446.153672,98433.223691,0.000000,130922.570270
466,0.018605,111432.522644,0.000000,92446.153672,98433.223691,0.000000,130922.570270
467,0.018617,111380.288936,0.000000,92446.153672,98433.223691,0.000000,130922.570270
468,0.018644,111256.230185,0.000000,92446.153672,98433.223691,0.000000,130922.570270
469,0.018661,111182.354068,0.000000,92446.153672,98433.223691,0.000000,130922.570270
470,0.018711,110955.651639,0.000000,92446.153672,98433.223691,0.000000,130922.570270
471,0.018727,110885.666587,0.000000,92446.153672,98433.223691,0.000000,130922.570270
472,0.018751,110777.115519,123634.038593,92446.153672,98433.223691,0.000000,130922.570270
473,0.018776,110664.334646,123633.599349,92446.153672,98433.223691,-78186.654186,130922.570270
474,0.018778,110658.080141,0.000000,92446.153672,98433.223691,0.000000,130922.570270
475,0.018853,110318.313824,0.000000,92446.153672,98433.223691,0.000000,130922.570270
476,0.018939,109933.439999,123630.755104,92446.153672,98433.223691,0.000000,130922.570270
477,0.018939,109930.936431,0.000000,92446.153672,98433.223691,0.000000,130922.570270
478,0.018974,109775.530377,0.000000,92446.153672,98433.223691,0.000000,130922.570270
479,0.018976,109764.378455,0.000000,92446.153672,98433.223691,0.000000,130922.570270
480,0.019075,109319.296983,0.000000,92446.153672,98433.223691,0.000000,130922.570270
481,0.019085,109273.052262,0.000000,92446.153672,98433.223691,-58520.104109,130922.570270
482,0.019086,109271.751261,0.000000,92446.153672,98433.223691,-41514.514211,130922.570270
483,0.019113,109149.971269,123627.710832,92446.153672,98433.223691,-37431.075455,130922.570270
484,0.019214,108695.297341,0.000000,92446.153672,98433.223691,0.000000,130922.570270
485,0.019234,108604.115480,0.000000,92446.153672,98433.223691,-38683.067976,130922.570270
486,0.019256,108502.766657,0.000000,92446.153672,98433.223691,118688.973256,130922.570270
487,0.019274,108423.971544,0.000000,92446.153672,98433.223691,0.000000,130922.570270
488,0.019319,108220.972210,0.000000,92446.153672,98433.223691,0.000000,130922.570270
489,0.019331,108163.199107,0.000000,92446.153672,98433.223691,0.000000,130922.570270
490,0.019380,107945.365396,0.000000,92446.153672,98433.223691,25866.718912,130922.570270
491,0.019398,107861.010327,0.000000,92446.153672,98433.223691,0.000000,130922.570270
492,0.019412,107801.218430,0.000000,92446.153672,98433.223691,0.000000,130922.570270
493,0.019420,107762.926001,0.000000,92446.153672,98433.223691,0.000000,130922.570270
494,0.019473,107525.384023,0.000000,92446.153672,98433.223691,0.000000,130922.570270
495,0.019484,107472.134857,0.000000,92446.153672,98433.223691,0.000000,130922.570270
496,0.019542,107211.615583,123620.199886,92446.153672,98433.223691,0.000000,130922.570270
497,0.019543,107206.501163,0.000000,92446.153672,98433.223691,39082.459917,130922.570270
498,0.019595,106969.974799,0.000000,92446.153672,98433.223691,0.000000,130922.570270
499,0.019610,106904.566975,0.000000,92446.153672,98433.223691,0.000000,130922.570270
500,0.019682,106575.877732,123617.743069,92446.153672,98433.223691,0.000000,130922.570270
501,0.019742,106306.027053,0.000000,92446.153672,98433.223691,-47031.607483,130922.570270
502,0.019813,105982.616715,0.000000,92446.153672,98433.223691,0.000000,130922.570270
503,0.019825,105928.844198,0.000000,92446.153672,98433.223691,0.000000,130922.570270
504,0.019949,105365.747071,0.000000,92446.153672,98433.223691,0.000000,130922.570270
505,0.019953,105345.749340,0.000000,92446.153672,98433.223691,41687.234235,130922.570270
506,0.019974,105250.440748,0.000000,92446.153672,98433.223691,0.000000,130922.570270
507,0.019981,105221.491012,0.000000,92446.153672,98433.223691,0.000000,130922.570270
508,0.020114,104617.173816,0.000000,92446.153672,98433.223691,0.000000,130922.570270
509,0.020337,103599.761643,0.000000,92446.153672,98433.223691,0.000000,130922.570270
510,0.020363,103480.838028,0.000000,92446.153672,98433.223691,0.000000,130922.570270
511,0.020388,103367.749150,123605.397145,92446.153672,98433.223691,0.000000,130922.570270
512,0.020393,103343.846781,0.000000,92446.153672,98433.223691,0.000000,130922.570270
513,0.020548,102637.976950,123602.601256,92446.153672,98433.223691,0.000000,130922.570270
514,0.020645,102190.953225,123600.890993,92446.153672,98433.223691,0.000000,130922.570270
515,0.020814,101416.660708,0.000000,92446.153672,98433.223691,0.000000,130922.570270
516,0.020822,101381.169356,0.000000,92446.153672,98433.223691,84535.112387,130922.570270
517,0.020939,100845.525620,0.000000,92446.153672,98433.223691,0.000000,130922.570270
518,0.021022,100461.767058,0.000000,92446.153672,98433.223691,73048.516083,130922.570270
519,0.021112,100051.243816,0.000000,92446.153672,98433.223691,0.000000,130922.570270
520,0.021195,99669.282963,0.000000,92446.153672,98433.223691,-44013.022192,130922.570270
521,0.021233,99492.622301,0.000000,92446.153672,98433.223691,0.000000,130922.570270
522,0.021237,99471.966704,0.000000,92446.153672,98433.223691,0.000000,130922.570270
523,0.021247,99428.305226,0.000000,92446.153672,98433.223691,0.000000,130922.570270
524,0.021254,99396.697339,0.000000,92446.153672,98433.223691,6411.120653,130922.570270
525,0.021263,99354.907571,0.000000,92446.153672,98433.223691,0.000000,130922.570270
526,0.021510,98213.720383,0.000000,92446.153672,98433.223691,0.000000,130922.570270
527,0.021526,98139.053276,123585.474101,92446.153672,98433.223691,0.000000,130922.570270
528,0.021583,97875.176462,0.000000,92446.153672,98433.223691,0.000000,130922.570270
529,0.021635,97634.466574,123583.565381,92446.153672,98433.223691,0.000000,130922.570270
530,0.021707,97301.254784,0.000000,92446.153672,98433.223691,0.000000,130922.570270
531,0.021761,97050.060040,0.000000,92446.153672,98433.223691,0.000000,130922.570270
532,0.021780,96965.404180,0.000000,92446.153672,98433.223691,0.000000,130922.570270
533,0.021883,96487.055307,0.000000,92446.153672,98433.223691,0.000000,130922.570270
534,0.022041,95753.687874,0.000000,92446.153672,98433.223691,0.000000,130922.570270
535,0.022062,95655.890132,0.000000,92446.153672,98433.223691,-142992.899871,130922.570270
536,0.022088,95532.566547,0.000000,92446.153672,98433.223691,0.000000,130922.570270
537,0.022108,95440.183819,0.000000,92446.153672,98433.223691,0.000000,130922.570270
538,0.022211,94961.165057,0.000000,92446.153672,98433.223691,0.000000,130922.570270
539,0.022214,94947.645003,0.000000,92446.153672,98433.223691,0.000000,130922.570270
540,0.022221,94913.804050,123573.318819,92446.153672,98433.223691,0.000000,130922.570270
541,0.022244,94805.539809,0.000000,92446.153672,98433.223691,0.000000,130922.570270
542,0.022264,94714.475036,0.000000,92446.153672,98433.223691,0.000000,130922.570270
543,0.022268,94695.713956,0.000000,92446.153672,98433.223691,0.000000,130922.570270
544,0.022272,94676.198812,0.000000,92446.153672,98433.223691,0.000000,130922.570270
545,0.022368,94227.011439,0.000000,92446.153672,98433.223691,0.000000,130922.570270
546,0.022374,94197.010299,123570.632249,92446.153672,98433.223691,0.000000,130922.570270
547,0.022426,93956.497780,0.000000,92446.153672,98433.223691,167987.964487,130922.570270
548,0.022524,93494.811637,0.000000,92446.153672,98433.223691,0.000000,130922.570270
549,0.022566,93298.286161,0.000000,92446.153672,98433.223691,0.000000,130922.570270
550,0.022667,92825.087097,0.000000,92446.153672,98433.223691,0.000000,130922.570270
551,0.022723,92562.266068,0.000000,92446.153672,98433.223691,0.000000,130922.570270
552,0.022788,92257.751552,0.000000,92446.153672,98433.223691,0.000000,130922.570270
553,0.022797,92217.201786,0.000000,92446.153672,98433.223691,0.000000,130922.570270
554,0.022814,92133.719240,123562.930577,92446.153672,98433.223691,0.000000,130922.570270
555,0.022824,92087.293999,0.000000,92446.153672,98433.223691,0.000000,130922.570270
556,0.022832,92050.424661,0.000000,92446.153672,98433.223691,0.000000,130922.570270
557,0.022833,92046.871893,0.000000,92446.153672,98433.223691,0.000000,130922.570270
558,0.022864,91898.523934,0.000000,92446.153672,98433.223691,0.000000,130922.570270
559,0.022887,91790.867843,0.000000,92446.153672,98433.223691,0.000000,130922.570270
560,0.022964,91431.204220,0.000000,92446.153672,98433.223691,0.000000,130922.570270
561,0.022964,91428.955049,0.000000,92446.153672,98433.223691,0.000000,130922.570270
562,0.023058,90984.681681,0.000000,92446.153672,98433.223691,0.000000,130922.570270
563,0.023088,90843.957327,0.000000,92446.153672,98433.223691,0.000000,130922.570270
564,0.023143,90584.658135,0.000000,92446.153672,98433.223691,0.000000,130922.570270
565,0.023155,90527.394131,0.000000,92446.153672,98433.223691,0.000000,130922.570270
566,0.023313,89781.651675,0.000000,92446.153672,98433.223691,0.000000,130922.570270
567,0.023470,89036.266876,0.000000,92446.153672,98433.223691,0.000000,130922.570270
568,0.023487,88954.086975,0.000000,92446.153672,98433.223691,0.000000,130922.570270
569,0.023591,88462.032393,0.000000,92446.153672,98433.223691,0.000000,130922.570270
570,0.023654,88161.515883,0.000000,92446.153672,98433.223691,0.000000,130922.570270
571,0.023685,88011.299607,0.000000,92446.153672,98433.223691,0.000000,130922.570270
572,0.023720,87843.967693,0.000000,92446.153672,98433.223691,0.000000,130922.570270
573,0.023745,87725.106692,0.000000,92446.153672,98433.223691,0.000000,130922.570270
574,0.023839,87275.654948,0.000000,92446.153672,98433.223691,0.000000,130922.570270
575,0.023852,87217.603784,123544.781033,92446.153672,98433.223691,0.000000,130922.570270
576,0.023853,87210.760508,0.000000,92446.153672,98433.223691,0.000000,130922.570270
577,0.023901,86981.456888,123543.916753,92446.153672,98433.223691,0.000000,130922.570270
578,0.023980,86603.656319,0.000000,92446.153672,98433.223691,0.000000,130922.570270
579,0.023982,86593.955516,0.000000,92446.153672,98433.223691,0.000000,130922.570270
580,0.023997,86522.118933,0.000000,92446.153672,98433.223691,-58039.483323,130922.570270
581,0.024015,86435.722133,0.000000,92446.153672,98433.223691,34638.904055,130922.570270
582,0.024098,86036.205310,0.000000,92446.153672,98433.223691,0.000000,130922.570270
583,0.024119,85934.932841,0.000000,92446.153672,98433.223691,0.000000,130922.570270
584,0.024144,85815.522973,0.000000,92446.153672,98433.223691,0.000000,130922.570270
585,0.024235,85380.380983,0.000000,92446.153672,98433.223691,0.000000,130922.570270
586,0.024348,84833.680317,0.000000,92446.153672,98433.223691,0.000000,130922.570270
587,0.024374,84707.471797,0.000000,92446.153672,98433.223691,0.000000,130922.570270
588,0.024427,84454.042467,0.000000,92446.153672,98433.223691,0.000000,130922.570270
589,0.024450,84340.169759,0.000000,92446.153672,98433.223691,0.000000,130922.570270
590,0.024473,84231.732784,0.000000,92446.153672,98433.223691,0.000000,130922.570270
591,0.024518,84014.653290,0.000000,92446.153672,98433.223691,-22467.837293,130922.570270
592,0.024539,83914.445217,0.000000,92446.153672,98433.223691,0.000000,130922.570270
593,0.024553,83842.331503,0.000000,92446.153672,98433.223691,0.000000,130922.570270
594,0.024564,83792.921860,0.000000,92446.153672,98433.223691,0.000000,130922.570270
595,0.024574,83740.902016,0.000000,92446.153672,98433.223691,0.000000,130922.570270
596,0.024622,83508.704090,0.000000,92446.153672,98433.223691,0.000000,130922.570270
597,0.024627,83487.718008,0.000000,92446.153672,98433.223691,0.000000,130922.570270
598,0.024668,83289.085179,0.000000,92446.153672,98433.223691,0.000000,130922.570270
599,0.024690,83178.566799,0.000000,92446.153672,98433.223691,0.000000,130922.570270
600,0.024749,82894.092188,0.000000,92446.153672,98433.223691,0.000000,130922.570270
601,0.024830,82502.218148,0.000000,92446.153672,98433.223691,0.000000,130922.570270
602,0.024830,82500.810903,0.000000,92446.153672,98433.223691,0.000000,130922.570270
603,0.024911,82107.200095,0.000000,92446.153672,98433.223691,0.000000,130922.570270
604,0.024923,82047.212764,0.000000,92446.153672,98433.223691,0.000000,130922.570270
605,0.024949,81922.760144,0.000000,92446.153672,98433.223691,0.000000,130922.570270
606,0.025072,81318.241068,0.000000,92446.153672,98433.223691,0.000000,130922.570270
607,0.025127,81049.383765,0.000000,92446.153672,98433.223691,0.000000,130922.570270
608,0.025153,80922.396113,0.000000,92446.153672,98433.223691,0.000000,130922.570270
609,0.025160,80888.333614,0.000000,92446.153672,98433.223691,0.000000,130922.570270
610,0.025170,80839.633431,0.000000,92446.153672,98433.223691,0.000000,130922.570270
611,0.025198,80705.955890,0.000000,92446.153672,98433.223691,0.000000,130922.570270
612,0.025215,80618.947746,0.000000,92446.153672,98433.223691,0.000000,130922.570270
613,0.025255,80426.521376,0.000000,92446.153672,98433.223691,0.000000,130922.570270
614,0.025271,80346.259048,0.000000,92446.153672,98433.223691,0.000000,130922.570270
615,0.025315,80131.473861,0.000000,92446.153672,98433.223691,-51555.645461,130922.570270
616,0.025396,79731.948852,0.000000,92446.153672,98433.223691,0.000000,130922.570270
617,0.025436,79534.688022,123517.054308,92446.153672,98433.223691,0.000000,130922.570270
618,0.025503,79201.628278,0.000000,92446.153672,98433.223691,-88524.606296,130922.570270
619,0.025561,78915.777201,0.000000,92446.153672,98433.223691,0.000000,130922.570270
620,0.025634,78554.510415,0.000000,92446.153672,98433.223691,0.000000,130922.570270
621,0.025662,78419.308360,0.000000,92446.153672,98433.223691,0.000000,130922.570270
622,0.025733,78067.115343,0.000000,92446.153672,98433.223691,0.000000,130922.570270
623,0.025775,77856.497165,0.000000,92446.153672,98433.223691,0.000000,130922.570270
624,0.025800,77735.632668,123510.687805,92446.153672,98433.223691,0.000000,130922.570270
625,0.025826,77607.517906,0.000000,92446.153672,98433.223691,0.000000,130922.570270
626,0.025891,77283.015661,0.000000,92446.153672,98433.223691,0.000000,130922.570270
627,0.025900,77235.669415,0.000000,92446.153672,98433.223691,0.000000,130922.570270
628,0.025958,76950.076228,0.000000,92446.153672,98433.223691,0.000000,130922.570270
629,0.026008,76701.374804,0.000000,92446.153672,98433.223691,0.000000,130922.570270
630,0.026061,76434.242660,0.000000,92446.153672,98433.223691,0.000000,130922.570270
631,0.026118,76150.127917,0.000000,92446.153672,98433.223691,0.000000,130922.570270
632,0.026223,75621.889090,0.000000,92446.153672,98433.223691,0.000000,130922.570270
633,0.026231,75580.831393,0.000000,92446.153672,98433.223691,0.000000,130922.570270
634,0.026296,75256.502994,0.000000,92446.153672,98433.223691,0.000000,130922.570270
635,0.026348,74997.908669,0.000000,92446.153672,98433.223691,0.000000,130922.570270
636,0.026365,74911.090397,123500.798973,92446.153672,98433.223691,0.000000,130922.570270
637,0.026439,74535.472650,0.000000,92446.153672,98433.223691,0.000000,130922.570270
638,0.026509,74184.661829,0.000000,92446.153672,98433.223691,0.000000,130922.570270
639,0.026510,74179.280713,0.000000,92446.153672,98433.223691,0.000000,130922.570270
640,0.026572,73863.197294,0.000000,92446.153672,98433.223691,0.000000,130922.570270
641,0.026593,73757.997088,0.000000,92446.153672,98433.223691,0.000000,130922.570270
642,0.026641,73513.376535,0.000000,92446.153672,98433.223691,0.000000,130922.570270
643,0.026683,73301.180494,0.000000,92446.153672,98433.223691,0.000000,130922.570270
644,0.026713,73151.004534,0.000000,92446.153672,98433.223691,0.000000,130922.570270
645,0.026779,72813.561715,0.000000,92446.153672,98433.223691,0.000000,130922.570270
646,0.026837,72519.256067,0.000000,92446.153672,98433.223691,0.000000,130922.570270
647,0.026876,72318.392640,0.000000,92446.153672,98433.223691,0.000000,130922.570270
648,0.026877,72315.750068,0.000000,92446.153672,98433.223691,0.000000,130922.570270
649,0.026968,71850.372190,0.000000,92446.153672,98433.223691,0.000000,130922.570270
650,0.026985,71762.910789,0.000000,92446.153672,98433.223691,0.000000,130922.570270
651,0.027141,70963.950504,0.000000,92446.153672,98433.223691,0.000000,130922.570270
652,0.027189,70718.519839,0.000000,92446.153672,98433.223691,0.000000,130922.570270
653,0.027316,70060.389474,0.000000,92446.153672,98433.223691,0.000000,130922.570270
654,0.027342,69930.306391,0.000000,92446.153672,98433.223691,0.000000,130922.570270
655,0.027357,69849.903754,0.000000,92446.153672,98433.223691,0.000000,130922.570270
656,0.027368,69793.597554,0.000000,92446.153672,98433.223691,0.000000,130922.570270
657,0.027406,69596.774663,0.000000,92446.153672,98433.223691,0.000000,130922.570270
658,0.027559,68801.398077,0.000000,92446.153672,98433.223691,0.000000,130922.570270
659,0.027577,68706.582811,0.000000,92446.153672,98433.223691,0.000000,130922.570270
660,0.027592,68632.726195,0.000000,92446.153672,98433.223691,0.000000,130922.570270
661,0.027768,67710.005136,0.000000,92446.153672,98433.223691,0.000000,130922.570270
662,0.027804,67522.934108,0.000000,92446.153672,98433.223691,0.000000,130922.570270
663,0.027817,67453.680562,0.000000,92446.153672,98433.223691,0.000000,130922.570270
664,0.027819,67442.483090,0.000000,92446.153672,98433.223691,0.000000,130922.570270
665,0.027871,67171.977993,0.000000,92446.153672,98433.223691,0.000000,130922.570270
666,0.027898,67026.042312,0.000000,92446.153672,98433.223691,0.000000,130922.570270
667,0.027921,66905.980703,0.000000,92446.153672,98433.223691,0.000000,130922.570270
668,0.028097,65975.293846,0.000000,92446.153672,98433.223691,0.000000,130922.570270
669,0.028133,65783.865626,0.000000,92446.153672,98433.223691,0.000000,130922.570270
670,0.028152,65686.935756,0.000000,92446.153672,98433.223691,0.000000,130922.570270
671,0.028170,65591.881647,0.000000,92446.153672,98433.223691,0.000000,130922.570270
672,0.028177,65553.991985,0.000000,92446.153672,98433.223691,0.000000,130922.570270
673,0.028196,65454.272915,123468.759589,92446.153672,98433.223691,0.000000,130922.570270
674,0.028232,65259.995969,0.000000,92446.153672,98433.223691,0.000000,130922.570270
675,0.028301,64892.527390,0.000000,92446.153672,98433.223691,0.000000,130922.570270
676,0.028338,64696.373031,0.000000,92446.153672,98433.223691,0.000000,130922.570270
677,0.028379,64475.325303,0.000000,92446.153672,98433.223691,0.000000,130922.570270
678,0.028467,64002.298026,0.000000,92446.153672,98433.223691,0.000000,130922.570270
679,0.028477,63952.667289,0.000000,92446.153672,98433.223691,0.000000,130922.570270
680,0.028483,63916.717169,0.000000,92446.153672,98433.223691,0.000000,130922.570270
681,0.028736,62551.470241,0.000000,92446.153672,98433.223691,0.000000,130922.570270
682,0.028784,62292.369417,0.000000,92446.153672,98433.223691,0.000000,130922.570270
683,0.028846,61950.720356,0.000000,92446.153672,98433.223691,0.000000,130922.570270
684,0.028860,61878.985303,0.000000,92446.153672,98433.223691,0.000000,130922.570270
685,0.028895,61686.632977,0.000000,92446.153672,98433.223691,0.000000,130922.570270
686,0.028907,61619.742627,0.000000,92446.153672,98433.223691,0.000000,130922.570270
687,0.028908,61615.012400,0.000000,92446.153672,98433.223691,0.000000,130922.570270
688,0.028922,61539.301672,0.000000,92446.153672,98433.223691,0.000000,130922.570270
689,0.028923,61531.765684,0.000000,92446.153672,98433.223691,0.000000,130922.570270
690,0.028930,61493.742120,123455.903082,92446.153672,98433.223691,0.000000,130922.570270
691,0.028953,61370.458483,0.000000,92446.153672,98433.223691,0.000000,130922.570270
692,0.029018,61012.814860,0.000000,92446.153672,98433.223691,0.000000,130922.570270
693,0.029052,60824.112331,0.000000,92446.153672,98433.223691,0.000000,130922.570270
694,0.029105,60531.645901,0.000000,92446.153672,98433.223691,0.000000,130922.570270
695,0.029176,60140.271131,0.000000,92446.153672,98433.223691,0.000000,130922.570270
696,0.029192,60053.103863,0.000000,92446.153672,98433.223691,0.000000,130922.570270
697,0.029311,59392.397510,0.000000,92446.153672,98433.223691,0.000000,130922.570270
698,0.029382,58997.386873,0.000000,92446.153672,98433.223691,0.000000,130922.570270
699,0.029420,58784.843957,0.000000,92446.153672,98433.223691,0.000000,130922.570270
700,0.029427,58746.396616,0.000000,92446.153672,98433.223691,0.000000,130922.570270
701,0.029469,58512.738001,0.000000,92446.153672,98433.223691,0.000000,130922.570270
702,0.029561,57993.610931,0.000000,92446.153672,98433.223691,0.000000,130922.570270
703,0.029636,57572.544698,0.000000,92446.153672,98433.223691,0.000000,130922.570270
704,0.029658,57446.553979,0.000000,92446.153672,98433.223691,0.000000,130922.570270
705,0.029701,57203.388788,0.000000,92446.153672,98433.223691,0.000000,130922.570270
706,0.029731,57034.086957,0.000000,92446.153672,98433.223691,0.000000,130922.570270
707,0.029744,56961.855446,0.000000,92446.153672,98433.223691,0.000000,130922.570270
708,0.029812,56571.732340,0.000000,92446.153672,98433.223691,0.000000,130922.570270
709,0.029814,56564.246399,0.000000,92446.153672,98433.223691,0.000000,130922.570270
710,0.029845,56383.087707,123439.886604,92446.153672,98433.223691,0.000000,130922.570270
711,0.029854,56332.224302,0.000000,92446.153672,98433.223691,0.000000,130922.570270
712,0.029922,55946.789163,0.000000,92446.153672,98433.223691,0.000000,130922.570270
713,0.030011,55433.125335,0.000000,92446.153672,98433.223691,0.000000,130922.570270
714,0.030043,55249.138329,0.000000,92446.153672,98433.223691,0.000000,130922.570270
715,0.030103,54900.936861,0.000000,92446.153672,98433.223691,0.000000,130922.570270
716,0.030119,54807.015412,0.000000,92446.153672,98433.223691,0.000000,130922.570270
717,0.030263,53973.363902,0.000000,92446.153672,98433.223691,0.000000,130922.570270
718,0.030334,53554.404177,0.000000,92446.153672,98433.223691,0.000000,130922.570270
719,0.030441,52927.799903,0.000000,92446.153672,98433.223691,0.000000,130922.570270
720,0.030445,52901.991069,0.000000,92446.153672,98433.223691,0.000000,130922.570270
721,0.030457,52832.673953,0.000000,92446.153672,98433.223691,0.000000,130922.570270
722,0.030496,52602.315454,0.000000,92446.153672,98433.223691,0.000000,130922.570270
723,0.030559,52224.508994,0.000000,92446.153672,98433.223691,0.000000,130922.570270
724,0.030707,51345.703676,0.000000,92446.153672,98433.223691,0.000000,130922.570270
725,0.030714,51298.669888,0.000000,92446.153672,98433.223691,0.000000,130922.570270
726,0.030780,50901.357805,0.000000,92446.153672,98433.223691,0.000000,130922.570270
727,0.030844,50516.000576,0.000000,92446.153672,98433.223691,0.000000,130922.570270
728,0.030908,50129.800199,0.000000,92446.153672,98433.223691,0.000000,130922.570270
729,0.031004,49542.783769,0.000000,92446.153672,98433.223691,0.000000,130922.570270
730,0.031044,49298.562515,0.000000,92446.153672,98433.223691,118214.262681,130922.570270
731,0.031099,48961.333666,0.000000,92446.153672,98433.223691,0.000000,130922.570270
732,0.031111,48884.013825,0.000000,92446.153672,98433.223691,0.000000,130922.570270
733,0.031148,48656.182654,123417.090941,92446.153672,98433.223691,0.000000,130922.570270
734,0.031159,48589.255959,0.000000,92446.153672,98433.223691,0.000000,130922.570270
735,0.031167,48538.422440,0.000000,92446.153672,98433.223691,0.000000,130922.570270
736,0.031178,48467.586300,0.000000,92446.153672,98433.223691,0.000000,130922.570270
737,0.031217,48226.404054,0.000000,92446.153672,98433.223691,0.000000,130922.570270
738,0.031219,48216.883253,0.000000,92446.153672,98433.223691,0.000000,130922.570270
739,0.031264,47935.637032,0.000000,92446.153672,98433.223691,0.000000,130922.570270
740,0.031280,47834.371039,0.000000,92446.153672,98433.223691,0.000000,130922.570270
741,0.031290,47770.413605,0.000000,92446.153672,98433.223691,0.000000,130922.570270
742,0.031308,47661.635455,0.000000,92446.153672,98433.223691,0.000000,130922.570270
743,0.031386,47166.523740,0.000000,92446.153672,98433.223691,0.000000,130922.570270
744,0.031425,46920.355902,0.000000,92446.153672,98433.223691,0.000000,130922.570270
745,0.031456,46724.157066,0.000000,92446.153672,98433.223691,0.000000,130922.570270
746,0.031734,44942.386664,0.000000,92446.153672,98433.223691,0.000000,130922.570270
747,0.031805,44481.286889,0.000000,92446.153672,98433.223691,0.000000,130922.570270
748,0.031907,43810.254429,0.000000,92446.153672,98433.223691,0.000000,130922.570270
749,0.031912,43776.564752,0.000000,92446.153672,98433.223691,0.000000,130922.570270
750,0.031985,43289.626379,0.000000,92446.153672,98433.223691,0.000000,130922.570270
751,0.031991,43254.259060,0.000000,92446.153672,98433.223691,0.000000,130922.570270
752,0.032000,43191.199471,0.000000,92446.153672,98433.223691,0.000000,130922.570270
753,0.032008,43136.583547,0.000000,92446.153672,98433.223691,0.000000,130922.570270
754,0.032011,43117.874285,0.000000,92446.153672,98433.223691,0.000000,130922.570270
755,0.032022,43043.939794,0.000000,92446.153672,98433.223691,0.000000,130922.570270
756,0.032117,42407.527819,0.000000,92446.153672,98433.223691,0.000000,130922.570270
757,0.032134,42290.405041,0.000000,92446.153672,98433.223691,0.000000,130922.570270
758,0.032467,40002.076987,0.000000,92446.153672,98433.223691,0.000000,130922.570270
759,0.032478,39927.627513,0.000000,92446.153672,98433.223691,0.000000,130922.570270
760,0.032513,39676.970705,123393.192000,92446.153672,98433.223691,0.000000,130922.570270
761,0.032584,39180.236032,0.000000,92446.153672,98433.223691,0.000000,130922.570270
762,0.032627,38870.292186,123391.202507,92446.153672,98433.223691,0.000000,130922.570270
763,0.032643,38758.895783,0.000000,92446.153672,98433.223691,0.000000,130922.570270
764,0.032703,38328.869915,0.000000,92446.153672,98433.223691,0.000000,130922.570270
765,0.032756,37944.914731,0.000000,92446.153672,98433.223691,0.000000,130922.570270
766,0.032861,37173.747755,0.000000,92446.153672,98433.223691,0.000000,130922.570270
767,0.032865,37140.240141,0.000000,92446.153672,98433.223691,0.000000,130922.570270
768,0.032970,36362.874270,0.000000,92446.153672,98433.223691,0.000000,130922.570270
769,0.033130,35151.430885,0.000000,92446.153672,98433.223691,0.000000,130922.570270
770,0.033255,34180.119832,0.000000,92446.153672,98433.223691,0.000000,130922.570270
771,0.033313,33720.606159,0.000000,92446.153672,98433.223691,0.000000,130922.570270
772,0.033484,32351.081948,123376.210241,92446.153672,98433.223691,0.000000,130922.570270
773,0.033496,32251.812458,123375.997767,92446.153672,98433.223691,0.000000,130922.570270
774,0.033525,32012.642287,123375.487904,92446.153672,98433.223691,0.000000,130922.570270
775,0.033552,31792.887356,0.000000,92446.153672,98433.223691,0.000000,130922.570270
776,0.033559,31729.072920,0.000000,92446.153672,98433.223691,0.000000,130922.570270
777,0.033702,30531.474399,123372.395757,92446.153672,98433.223691,0.000000,130922.570270
778,0.033703,30517.801424,0.000000,92446.153672,98433.223691,0.000000,130922.570270
779,0.033808,29610.182386,0.000000,92446.153672,98433.223691,0.000000,130922.570270
780,0.033887,28917.043941,0.000000,92446.153672,98433.223691,0.000000,130922.570270
781,0.033891,28878.901733,0.000000,92446.153672,98433.223691,0.000000,130922.570270
782,0.033963,28234.861733,0.000000,92446.153672,98433.223691,0.000000,130922.570270
783,0.033985,28027.144405,0.000000,92446.153672,98433.223691,0.000000,130922.570270
784,0.034103,26931.604878,0.000000,92446.153672,98433.223691,0.000000,130922.570270
785,0.034122,26752.139059,0.000000,92446.153672,98433.223691,0.000000,130922.570270
786,0.034165,26338.861348,0.000000,92446.153672,98433.223691,0.000000,130922.570270
787,0.034185,26146.411364,0.000000,92446.153672,98433.223691,0.000000,130922.570270
788,0.034239,25621.091873,123362.989159,92446.153672,98433.223691,0.000000,130922.570270
789,0.034328,24737.326439,0.000000,92446.153672,98433.223691,0.000000,130922.570270
790,0.034453,23436.359750,0.000000,92446.153672,98433.223691,0.000000,130922.570270
791,0.034469,23269.829356,0.000000,92446.153672,98433.223691,0.000000,130922.570270
792,0.034520,22718.775136,0.000000,92446.153672,98433.223691,0.000000,130922.570270
793,0.034572,22145.755496,0.000000,92446.153672,98433.223691,0.000000,130922.570270
794,0.034649,21265.849947,0.000000,92446.153672,98433.223691,0.000000,130922.570270
795,0.034784,19658.226374,0.000000,92446.153672,98433.223691,0.000000,130922.570270
796,0.034805,19392.503131,0.000000,92446.153672,98433.223691,0.000000,130922.570270
797,0.034874,18507.396225,0.000000,92446.153672,98433.223691,0.000000,130922.570270
798,0.034900,18163.638674,0.000000,92446.153672,98433.223691,0.000000,130922.570270
799,0.034919,17911.989884,0.000000,92446.153672,98433.223691,0.000000,130922.570270
800,0.034933,17718.525379,0.000000,92446.153672,98433.223691,0.000000,130922.570270
801,0.034956,17401.703937,0.000000,92446.153672,98433.223691,0.000000,130922.570270
802,0.035038,16241.443597,0.000000,92446.153672,98433.223691,0.000000,130922.570270
803,0.035058,15942.666220,0.000000,92446.153672,98433.223691,0.000000,130922.570270
804,0.035122,14942.686397,0.000000,92446.153672,98433.223691,0.000000,130922.570270
805,0.035172,14122.877281,0.000000,92446.153672,98433.223691,0.000000,130922.570270
806,0.035191,13813.244250,0.000000,92446.153672,98433.223691,0.000000,130922.570270
807,0.035351,10720.408783,0.000000,92446.153672,98433.223691,0.000000,130922.570270
808,0.035572,3521.555825,0.000000,92446.153672,98433.223691,0.000000,130922.570270
809,0.035741,0.000000,0.000000,92446.153672,98433.223691,0.000000,130922.570270
810,0.035796,0.000000,0.000000,92446.153672,98433.223691,0.000000,130922.570270
811,0.035836,0.000000,0.000000,92446.153672,98433.223691,0.000000,130922.570270
812,0.035882,0.000000,0.000000,92446.153672,98433.223691,0.000000,130922.570270
813,0.035898,0.000000,123333.950654,92446.153672,98433.223691,0.000000,130922.570270
814,0.035922,0.000000,0.000000,92446.153672,98433.223691,0.000000,130922.570270
815,0.035961,0.000000,123332.861030,92446.153672,98433.223691,0.000000,130922.570270
816,0.035980,0.000000,0.000000,92446.153672,98433.223691,0.000000,130922.570270
817,0.036016,0.000000,0.000000,92446.153672,98433.223691,0.000000,130922.570270
818,0.036031,0.000000,0.000000,92446.153672,98433.223691,0.000000,130922.570270
819,0.036119,0.000000,0.000000,92446.153672,98433.223691,0.000000,130922.570270
820,0.036119,0.000000,0.000000,92446.153672,98433.223691,0.000000,130922.570270
821,0.036127,0.000000,0.000000,92446.153672,98433.223691,0.000000,130922.570270
822,0.036132,0.000000,0.000000,92446.153672,98433.223691,0.000000,130922.570270
823,0.036225,0.000000,0.000000,92446.153672,98433.223691,0.000000,130922.570270
824,0.036257,0.000000,0.000000,92446.153672,98433.223691,0.000000,130922.570270
825,0.036353,0.000000,0.000000,92446.153672,98433.223691,0.000000,130922.570270
826,0.036416,0.000000,0.000000,92446.153672,98433.223691,0.000000,130922.570270
827,0.036480,0.000000,0.000000,92446.153672,98433.223691,0.000000,130922.570270
828,0.036514,0.000000,0.000000,92446.153672,98433.223691,0.000000,130922.570270
829,0.036549,0.000000,0.000000,92446.153672,98433.223691,0.000000,130922.570270
830,0.036635,0.000000,0.000000,92446.153672,98433.223691,0.000000,130922.570270
831,0.036637,0.000000,123321.020105,92446.153672,98433.223691,0.000000,130922.570270
832,0.036639,0.000000,0.000000,92446.153672,98433.223691,0.000000,130922.570270
833,0.036698,0.000000,0.000000,92446.153672,98433.223691,0.000000,130922.570270
834,0.036698,0.000000,123319.950093,92446.153672,98433.223691,0.000000,130922.570270
835,0.036710,0.000000,0.000000,92446.153672,98433.223691,0.000000,130922.570270
836,0.036782,0.000000,0.000000,92446.153672,98433.223691,0.000000,130922.570270
837,0.037053,0.000000,0.000000,92446.153672,98433.223691,0.000000,130922.570270
838,0.037084,0.000000,0.000000,92446.153672,98433.223691,0.000000,130922.570270
839,0.037117,0.000000,123312.619822,92446.153672,98433.223691,0.000000,130922.570270
840,0.037134,0.000000,0.000000,92446.153672,98433.223691,0.000000,130922.570270
841,0.037301,0.000000,0.000000,92446.153672,98433.223691,0.000000,130922.570270
842,0.037308,0.000000,0.000000,92446.153672,98433.223691,0.000000,130922.570270
843,0.037318,0.000000,0.000000,92446.153672,98433.223691,0.000000,130922.570270
844,0.037452,0.000000,0.000000,92446.153672,98433.223691,0.000000,130922.570270
845,0.037462,0.000000,0.000000,92446.153672,98433.223691,0.000000,130922.570270
846,0.037481,0.000000,0.000000,92446.153672,98433.223691,0.000000,130922.570270
847,0.037555,0.000000,0.000000,92446.153672,98433.223691,0.000000,130922.570270
848,0.037628,0.000000,0.000000,92446.153672,98433.223691,0.000000,130922.570270
849,0.038073,0.000000,0.000000,92446.153672,98433.223691,0.000000,130922.570270
850,0.038180,0.000000,0.000000,92446.153672,98433.223691,0.000000,130922.570270
851,0.038198,0.000000,0.000000,92446.153672,98433.223691,0.000000,130922.570270
852,0.038237,0.000000,0.000000,92446.153672,98433.223691,0.000000,130922.570270
853,0.038335,0.000000,0.000000,92446.153672,98433.223691,0.000000,130922.570270
854,0.038401,0.000000,0.000000,92446.153672,98433.223691,0.000000,130922.570270
855,0.038487,0.000000,0.000000,92446.153672,98433.223691,0.000000,130922.570270
856,0.038658,0.000000,0.000000,92446.153672,98433.223691,0.000000,130922.570270
857,0.038667,0.000000,0.000000,92446.153672,98433.223691,0.000000,130922.570270
858,0.038721,0.000000,0.000000,92446.153672,98433.223691,0.000000,130922.570270
859,0.038745,0.000000,0.000000,92446.153672,98433.223691,0.000000,130922.570270
860,0.038766,0.000000,0.000000,92446.153672,98433.223691,0.000000,130922.570270
861,0.038835,0.000000,0.000000,92446.153672,98433.223691,0.000000,130922.570270
862,0.039003,0.000000,0.000000,92446.153672,98433.223691,0.000000,130922.570270
863,0.039049,0.000000,0.000000,92446.153672,98433.223691,0.000000,130922.570270
864,0.039112,0.000000,0.000000,92446.153672,98433.223691,0.000000,130922.570270
865,0.039172,0.000000,0.000000,92446.153672,98433.223691,0.000000,130922.570270
866,0.039423,0.000000,0.000000,92446.153672,98433.223691,0.000000,130922.570270
867,0.039430,0.000000,0.000000,92446.153672,98433.223691,0.000000,130922.570270
868,0.039431,0.000000,0.000000,92446.153672,98433.223691,0.000000,130922.570270
869,0.039517,0.000000,0.000000,92446.153672,98433.223691,0.000000,130922.570270
870,0.039523,0.000000,0.000000,92446.153672,98433.223691,0.000000,130922.570270
871,0.039543,0.000000,0.000000,92446.153672,98433.223691,0.000000,130922.570270
872,0.039638,0.000000,0.000000,92446.153672,98433.223691,0.000000,130922.570270
873,0.039679,0.000000,0.000000,92446.153672,98433.223691,0.000000,130922.570270
874,0.039730,0.000000,0.000000,92446.153672,98433.223691,0.000000,130922.570270
875,0.039899,0.000000,123263.936488,92446.153672,98433.223691,0.000000,130922.570270
876,0.039962,0.000000,0.000000,92446.153672,98433.223691,0.000000,130922.570270
877,0.039975,0.000000,0.000000,92446.153672,98433.223691,0.000000,130922.570270
878,0.040155,0.000000,0.000000,92446.153672,98433.223691,0.000000,130922.570270
879,0.040164,0.000000,0.000000,92446.153672,98433.223691,0.000000,130922.570270
880,0.040165,0.000000,0.000000,92446.153672,98433.223691,0.000000,130922.570270
881,0.040268,0.000000,0.000000,92446.153672,98433.223691,0.000000,130922.570270
882,0.040269,0.000000,0.000000,92446.153672,98433.223691,0.000000,130922.570270
883,0.040461,0.000000,0.000000,92446.153672,98433.223691,0.000000,130922.570270
884,0.040520,0.000000,0.000000,92446.153672,98433.223691,0.000000,130922.570270
885,0.040956,0.000000,0.000000,92446.153672,98433.223691,0.000000,130922.570270
886,0.041065,0.000000,0.000000,92446.153672,98433.223691,0.000000,130922.570270
887,0.041117,0.000000,123242.609993,92446.153672,98433.223691,0.000000,130922.570270
888,0.041151,0.000000,0.000000,92446.153672,98433.223691,0.000000,130922.570270
889,0.041244,0.000000,123240.395645,92446.153672,98433.223691,0.000000,130922.570270
890,0.041407,0.000000,0.000000,92446.153672,98433.223691,0.000000,130922.570270
891,0.041494,0.000000,0.000000,92446.153672,98433.223691,0.000000,130922.570270
892,0.041532,0.000000,123235.356897,92446.153672,98433.223691,0.000000,130922.570270
893,0.041567,0.000000,0.000000,92446.153672,98433.223691,0.000000,130922.570270
894,0.041583,0.000000,0.000000,92446.153672,98433.223691,0.000000,130922.570270
895,0.041753,0.000000,0.000000,92446.153672,98433.223691,0.000000,130922.570270
896,0.042029,0.000000,0.000000,92446.153672,98433.223691,0.000000,130922.570270
897,0.042168,0.000000,0.000000,92446.153672,98433.223691,0.000000,130922.570270
898,0.042179,0.000000,0.000000,92446.153672,98433.223691,0.000000,130922.570270
899,0.042372,0.000000,0.000000,92446.153672,98433.223691,0.000000,130922.570270
900,0.042475,0.000000,0.000000,92446.153672,98433.223691,0.000000,130922.570270
901,0.042554,0.000000,0.000000,92446.153672,98433.223691,0.000000,130922.570270
902,0.042860,0.000000,0.000000,92446.153672,98433.223691,0.000000,130922.570270
903,0.043286,0.000000,0.000000,92446.153672,98433.223691,0.000000,130922.570270
904,0.043336,0.000000,0.000000,92446.153672,98433.223691,0.000000,130922.570270
905,0.043421,0.000000,0.000000,92446.153672,98433.223691,0.000000,130922.570270
906,0.043594,0.000000,0.000000,92446.153672,98433.223691,0.000000,130922.570270
907,0.043696,0.000000,0.000000,92446.153672,98433.223691,0.000000,130922.570270
908,0.043757,0.000000,0.000000,92446.153672,98433.223691,0.000000,130922.570270
909,0.043838,0.000000,0.000000,92446.153672,98433.223691,0.000000,130922.570270
910,0.043880,0.000000,123194.267934,92446.153672,98433.223691,0.000000,130922.570270
911,0.043973,0.000000,0.000000,92446.153672,98433.223691,0.000000,130922.570270
912,0.043982,0.000000,0.000000,92446.153672,98433.223691,0.000000,130922.570270
913,0.044041,0.000000,0.000000,92446.153672,98433.223691,0.000000,130922.570270
914,0.044063,0.000000,0.000000,92446.153672,98433.223691,0.000000,130922.570270
915,0.044104,0.000000,0.000000,92446.153672,98433.223691,0.000000,130922.570270
916,0.044196,0.000000,0.000000,92446.153672,98433.223691,0.000000,130922.570270
917,0.044248,0.000000,0.000000,92446.153672,98433.223691,0.000000,130922.570270
918,0.044318,0.000000,123186.591079,92446.153672,98433.223691,0.000000,130922.570270
919,0.044485,0.000000,123183.678799,92446.153672,98433.223691,0.000000,130922.570270
920,0.044725,0.000000,0.000000,92446.153672,98433.223691,0.000000,130922.570270
921,0.044831,0.000000,0.000000,92446.153672,98433.223691,0.000000,130922.570270
922,0.044902,0.000000,0.000000,92446.153672,98433.223691,0.000000,130922.570270
923,0.045051,0.000000,0.000000,92446.153672,98433.223691,0.000000,130922.570270
924,0.045233,0.000000,0.000000,92446.153672,98433.223691,0.000000,130922.570270
925,0.045341,0.000000,0.000000,92446.153672,98433.223691,0.000000,130922.570270
926,0.045735,0.000000,0.000000,92446.153672,98433.223691,0.000000,130922.570270
927,0.045769,0.000000,123161.204635,92446.153672,98433.223691,0.000000,130922.570270
928,0.046151,0.000000,0.000000,92446.153672,98433.223691,0.000000,130922.570270
929,0.046176,0.000000,0.000000,92446.153672,98433.223691,0.000000,130922.570270
930,0.046319,0.000000,123151.578357,92446.153672,98433.223691,0.000000,130922.570270
931,0.046337,0.000000,0.000000,92446.153672,98433.223691,0.000000,130922.570270
932,0.046449,0.000000,0.000000,92446.153672,98433.223691,0.000000,130922.570270
933,0.046467,0.000000,0.000000,92446.153672,98433.223691,0.000000,130922.570270
934,0.046660,0.000000,0.000000,92446.153672,98433.223691,0.000000,130922.570270
935,0.046847,0.000000,0.000000,92446.153672,98433.223691,0.000000,130922.570270
936,0.047059,0.000000,0.000000,92446.153672,98433.223691,0.000000,130922.570270
937,0.047067,0.000000,0.000000,92446.153672,98433.223691,0.000000,130922.570270
938,0.047137,0.000000,0.000000,92446.153672,98433.223691,0.000000,130922.570270
939,0.047275,0.000000,0.000000,92446.153672,98433.223691,0.000000,130922.570270
940,0.047434,0.000000,123132.061325,92446.153672,98433.223691,0.000000,130922.570270
941,0.047440,0.000000,0.000000,92446.153672,98433.223691,0.000000,130922.570270
942,0.047938,0.000000,0.000000,92446.153672,98433.223691,0.000000,130922.570270
943,0.048251,0.000000,0.000000,92446.153672,98433.223691,0.000000,130922.570270
944,0.048378,0.000000,0.000000,92446.153672,98433.223691,0.000000,130922.570270
945,0.048388,0.000000,0.000000,92446.153672,98433.223691,0.000000,130922.570270
946,0.048412,0.000000,0.000000,92446.153672,98433.223691,0.000000,130922.570270
947,0.048805,0.000000,0.000000,92446.153672,98433.223691,0.000000,130922.570270
948,0.048951,0.000000,0.000000,92446.153672,98433.223691,0.000000,130922.570270
949,0.049065,0.000000,0.000000,92446.153672,98433.223691,0.000000,130922.570270
950,0.049308,0.000000,123099.259218,92446.153672,98433.223691,0.000000,130922.570270
951,0.049496,0.000000,0.000000,92446.153672,98433.223691,0.000000,130922.570270
952,0.049569,0.000000,0.000000,92446.153672,98433.223691,0.000000,130922.570270
953,0.050166,0.000000,0.000000,92446.153672,98433.223691,0.000000,130922.570270
954,0.050238,0.000000,0.000000,92446.153672,98433.223691,0.000000,130922.570270
955,0.050333,0.000000,0.000000,92446.153672,98433.223691,0.000000,130922.570270
956,0.050378,0.000000,0.000000,92446.153672,98433.223691,0.000000,130922.570270
957,0.050746,0.000000,0.000000,92446.153672,98433.223691,0.000000,130922.570270
958,0.050911,0.000000,0.000000,92446.153672,98433.223691,0.000000,130922.570270
959,0.050970,0.000000,123070.162600,92446.153672,98433.223691,0.000000,130922.570270
960,0.051140,0.000000,0.000000,92446.153672,98433.223691,0.000000,130922.570270
961,0.051162,0.000000,0.000000,92446.153672,98433.223691,0.000000,130922.570270
962,0.051873,0.000000,0.000000,92446.153672,98433.223691,0.000000,130922.570270
963,0.052005,0.000000,0.000000,92446.153672,98433.223691,0.000000,130922.570270
964,0.052032,0.000000,0.000000,92446.153672,98433.223691,0.000000,130922.570270
965,0.052116,0.000000,0.000000,92446.153672,98433.223691,0.000000,130922.570270
966,0.052382,0.000000,0.000000,92446.153672,98433.223691,0.000000,130922.570270
967,0.052713,0.000000,123039.656721,92446.153672,98433.223691,0.000000,130922.570270
968,0.053034,0.000000,0.000000,92446.153672,98433.223691,0.000000,130922.570270
969,0.053109,0.000000,0.000000,92446.153672,98433.223691,0.000000,130922.570270
970,0.053255,0.000000,0.000000,92446.153672,98433.223691,0.000000,130922.570270
971,0.053639,0.000000,0.000000,92446.153672,98433.223691,0.000000,130922.570270
972,0.054093,0.000000,0.000000,92446.153672,98433.223691,0.000000,130922.570270
973,0.054149,0.000000,0.000000,92446.153672,98433.223691,0.000000,130922.570270
974,0.054267,0.000000,0.000000,92446.153672,98433.223691,0.000000,130922.570270
975,0.054380,0.000000,0.000000,92446.153672,98433.223691,0.000000,130922.570270
976,0.055764,0.000000,0.000000,92446.153672,98433.223691,0.000000,130922.570270
977,0.055796,0.000000,0.000000,92446.153672,98433.223691,0.000000,130922.570270
978,0.055919,0.000000,0.000000,92446.153672,98433.223691,0.000000,130922.570270
979,0.056010,0.000000,0.000000,92446.153672,98433.223691,0.000000,130922.570270
980,0.056335,0.000000,0.000000,92446.153672,98433.223691,0.000000,130922.570270
981,0.056503,0.000000,0.000000,92446.153672,98433.223691,0.000000,130922.570270
982,0.057460,0.000000,122956.579749,92446.153672,98433.223691,0.000000,130922.570270
983,0.057536,0.000000,0.000000,92446.153672,98433.223691,0.000000,130922.570270
984,0.058003,0.000000,0.000000,92446.153672,98433.223691,0.000000,130922.570270
985,0.058248,0.000000,0.000000,92446.153672,98433.223691,0.000000,130922.570270
986,0.058363,0.000000,0.000000,92446.153672,98433.223691,0.000000,130922.570270
987,0.058626,0.000000,0.000000,92446.153672,98433.223691,0.000000,130922.570270
988,0.058633,0.000000,0.000000,92446.153672,98433.223691,0.000000,130922.570270
989,0.059155,0.000000,0.000000,92446.153672,98433.223691,0.000000,130922.570270
990,0.059310,0.000000,0.000000,92446.153672,98433.223691,0.000000,130922.570270
991,0.060577,0.000000,0.000000,92446.153672,98433.223691,0.000000,130922.570270
992,0.061157,0.000000,0.000000,92446.153672,98433.223691,0.000000,130922.570270
993,0.063552,0.000000,122849.949871,92446.153672,98433.223691,0.000000,130922.570270
994,0.063621,0.000000,0.000000,92446.153672,98433.223691,0.000000,130922.570270
995,0.063715,0.000000,0.000000,92446.153672,98433.223691,0.000000,130922.570270
996,0.067182,35153.461471,0.000000,92446.153672,98433.223691,0.000000,130922.570270
997,0.068952,47335.003137,0.000000,92446.153672,98433.223691,0.000000,130922.570270
998,0.075324,81731.639746,0.000000,92446.153672,98433.223691,0.000000,130922.570270
999,0.078234,95580.375820,0.000000,92446.153672,98433.223691,0.000000,130922.570270
