#TimeStep,Date,DaysInPeriod,ZeroOrderDIM,AverageDIM,AverageFLOW,SimpleDIM,NettingSet
0,2016-02-19,14,91145.500096,90676.834047,0.000000,103079.047208,CPTY_A
1,2016-03-04,14,87441.748612,86906.375396,0.000000,90532.853430,CPTY_A
2,2016-03-18,14,88549.007255,87626.840570,0.000000,91371.716602,CPTY_A
3,2016-04-01,14,90483.839555,89293.527105,0.000000,100734.702785,CPTY_A
4,2016-04-15,14,90053.025719,88312.904236,0.000000,99359.648263,CPTY_A
5,2016-04-29,14,89982.956563,88099.812601,0.000000,99636.851022,CPTY_A
6,2016-05-13,14,90369.137946,88204.963238,0.000000,100762.121200,CPTY_A
7,2016-05-27,14,91901.798421,89784.778979,0.000000,96690.431578,CPTY_A
8,2016-06-10,14,88241.658297,85890.166963,0.000000,99997.274385,CPTY_A
9,2016-06-24,14,90812.701660,87481.396803,0.000000,104690.461969,CPTY_A
10,2016-07-08,14,89182.983725,86951.477856,0.000000,99983.024410,CPTY_A
11,2016-07-22,14,93353.557227,88336.598160,0.000000,108447.635196,CPTY_A
12,2016-08-05,14,90736.597283,87012.982904,0.000000,94726.736112,CPTY_A
13,2016-08-19,14,92032.054097,88438.455189,0.000000,104456.815104,CPTY_A
14,2016-09-02,14,90083.996020,86620.896476,0.000000,106816.771120,CPTY_A
15,2016-09-16,14,91027.204043,86926.522835,0.000000,98115.903914,CPTY_A
16,2016-09-30,14,92439.790788,87965.404593,0.000000,104835.940460,CPTY_A
17,2016-10-14,14,99212.544133,93380.368915,0.000000,114672.462803,CPTY_A
18,2016-10-28,17,86026.158815,81738.938552,0.000000,90598.284729,CPTY_A
19,2016-11-14,11,92724.286042,87596.970821,0.000000,100123.715448,CPTY_A
20,2016-11-25,14,93550.732142,88040.421628,0.000000,123391.291613,CPTY_A
21,2016-12-09,14,95779.695427,88528.601515,0.000000,110954.281453,CPTY_A
22,2016-12-23,14,91002.484214,85956.459723,0.000000,106010.837703,CPTY_A
23,2017-01-06,14,94708.624970,87629.881632,0.000000,113539.660561,CPTY_A
24,2017-01-20,14,94946.482202,88146.209989,0.000000,112023.658884,CPTY_A
25,2017-02-03,14,93681.074395,87278.368139,0.000000,105286.411192,CPTY_A
26,2017-02-17,14,92595.631665,86942.289004,0.000000,99866.437676,CPTY_A
27,2017-03-03,14,94344.019806,86708.947730,0.000000,112457.508571,CPTY_A
28,2017-03-17,14,94738.699194,87219.622681,0.000000,106345.236072,CPTY_A
29,2017-03-31,18,97572.492805,89338.530472,0.000000,123494.632787,CPTY_A
30,2017-04-18,10,95505.340396,88321.426333,0.000000,115411.745970,CPTY_A
31,2017-04-28,14,96685.887864,89597.258177,0.000000,117311.521413,CPTY_A
32,2017-05-12,14,103739.075541,95306.891609,0.000000,115914.928225,CPTY_A
33,2017-05-26,14,86273.758293,79879.571080,0.000000,102164.689884,CPTY_A
34,2017-06-09,14,95056.700723,86830.066616,0.000000,103316.391075,CPTY_A
35,2017-06-23,14,97898.070590,89280.379390,0.000000,115879.697261,CPTY_A
36,2017-07-07,14,92556.279823,85414.134719,0.000000,110487.470326,CPTY_A
37,2017-07-21,14,94841.985216,87710.931760,0.000000,117101.450834,CPTY_A
38,2017-08-04,14,95551.810972,87698.860008,0.000000,111267.794947,CPTY_A
39,2017-08-18,14,95861.999467,88384.435415,0.000000,105556.426401,CPTY_A
40,2017-09-01,14,93322.021795,86810.522145,0.000000,116329.492564,CPTY_A
41,2017-09-15,14,95421.573857,88117.679160,0.000000,111156.291518,CPTY_A
42,2017-09-29,14,95024.089446,87671.683456,0.000000,106696.509057,CPTY_A
43,2017-10-13,14,97987.580255,89269.680161,0.000000,122600.419326,CPTY_A
44,2017-10-27,17,96059.346309,87776.324109,0.000000,115215.663089,CPTY_A
45,2017-11-13,11,95733.935793,88025.164506,0.000000,104812.538979,CPTY_A
46,2017-11-24,14,98006.212173,89114.938809,0.000000,118068.081244,CPTY_A
47,2017-12-08,14,101130.071256,91870.606854,0.000000,129482.161604,CPTY_A
48,2017-12-22,14,96206.189256,88056.037355,0.000000,116340.991351,CPTY_A
49,2018-01-05,14,98256.756315,89662.746552,0.000000,113309.955872,CPTY_A
50,2018-01-19,14,96833.174316,88851.498286,0.000000,113575.178530,CPTY_A
51,2018-02-02,14,96647.250081,88119.425376,0.000000,118878.223459,CPTY_A
52,2018-02-16,14,98846.154207,89921.513792,0.000000,118717.903485,CPTY_A
53,2018-03-02,14,114609.970382,105143.868017,0.000000,138408.087416,CPTY_A
54,2018-03-16,18,76800.999110,70090.168370,0.000000,106085.142239,CPTY_A
55,2018-04-03,10,95321.177733,87200.904684,0.000000,129513.878379,CPTY_A
56,2018-04-13,14,101837.439828,92174.477973,0.000000,120270.444582,CPTY_A
57,2018-04-27,14,96796.661249,88004.928159,0.000000,129814.325475,CPTY_A
58,2018-05-11,14,98402.959042,89326.026270,0.000000,123127.527242,CPTY_A
59,2018-05-25,14,97627.758523,88830.141954,0.000000,118343.799558,CPTY_A
60,2018-06-08,14,98872.793436,89581.647299,0.000000,125095.301070,CPTY_A
61,2018-06-22,14,101111.691630,91366.242300,0.000000,130930.124822,CPTY_A
62,2018-07-06,14,99197.285106,89812.622561,0.000000,137959.089919,CPTY_A
63,2018-07-20,14,98739.294763,89758.814955,0.000000,127080.150396,CPTY_A
64,2018-08-03,14,95933.379003,87404.741275,0.000000,121615.497815,CPTY_A
65,2018-08-17,14,99391.759157,90442.975776,0.000000,124634.856070,CPTY_A
66,2018-08-31,14,105612.007213,95983.008692,0.000000,115429.993975,CPTY_A
67,2018-09-14,14,93387.230774,84823.270549,0.000000,111340.309052,CPTY_A
68,2018-09-28,14,102485.061788,92896.896816,0.000000,120514.394351,CPTY_A
69,2018-10-12,14,99450.181197,89981.631432,0.000000,116183.711901,CPTY_A
70,2018-10-26,14,99458.597739,90491.356814,0.000000,132408.343537,CPTY_A
71,2018-11-09,14,101705.228721,92250.748086,0.000000,134993.429674,CPTY_A
72,2018-11-23,14,99839.829008,90987.276125,0.000000,135666.940274,CPTY_A
73,2018-12-07,14,101703.254102,92399.948761,0.000000,138914.312115,CPTY_A
74,2018-12-21,14,107614.743165,97608.872425,0.000000,136911.580509,CPTY_A
75,2019-01-04,14,105738.373975,95867.577909,0.000000,132265.519248,CPTY_A
76,2019-01-18,14,96063.613374,87114.225284,0.000000,118087.078567,CPTY_A
77,2019-02-01,14,98085.603617,89220.825985,0.000000,128946.400884,CPTY_A
78,2019-02-15,14,100213.694964,91133.567043,0.000000,133097.577188,CPTY_A
79,2019-03-01,14,105434.340695,95484.923269,0.000000,126224.997906,CPTY_A
80,2019-03-15,14,97931.857036,89534.241675,0.000000,116867.082741,CPTY_A
81,2019-03-29,14,101374.600385,92122.789076,0.000000,136116.419874,CPTY_A
82,2019-04-12,14,103795.930060,94455.922127,0.000000,138947.684629,CPTY_A
83,2019-04-26,14,99866.546160,90394.483687,0.000000,119615.001408,CPTY_A
84,2019-05-10,14,100959.077353,91627.600555,0.000000,127944.032320,CPTY_A
85,2019-05-24,14,100399.661104,91224.075634,0.000000,131900.535793,CPTY_A
86,2019-06-07,14,101949.049960,92377.536596,0.000000,121511.007915,CPTY_A
87,2019-06-21,14,101553.931819,92498.534055,0.000000,140370.432957,CPTY_A
88,2019-07-05,14,98389.801947,89761.473379,0.000000,136440.005002,CPTY_A
89,2019-07-19,14,104274.242737,94716.459484,0.000000,134883.559890,CPTY_A
90,2019-08-02,14,104005.767947,94719.666914,0.000000,151328.683237,CPTY_A
91,2019-08-16,14,103365.240457,94135.746058,0.000000,133324.545952,CPTY_A
92,2019-08-30,14,104675.243931,94868.259764,0.000000,124383.691441,CPTY_A
93,2019-09-13,14,109427.216178,98988.463444,0.000000,131420.413993,CPTY_A
94,2019-09-27,14,104885.069253,95491.534115,0.000000,151877.604585,CPTY_A
95,2019-10-11,14,107643.975529,98618.736521,0.000000,139925.673069,CPTY_A
96,2019-10-25,14,95502.583887,87901.897663,0.000000,104600.249574,CPTY_A
97,2019-11-08,14,101584.160276,92471.100572,0.000000,136956.355233,CPTY_A
98,2019-11-22,14,103936.588792,94663.598810,0.000000,122728.143007,CPTY_A
99,2019-12-06,14,100695.132779,91794.615670,0.000000,132364.112011,CPTY_A
100,2019-12-20,14,102512.834978,93642.128340,0.000000,141479.644761,CPTY_A
101,2020-01-03,14,99932.119069,91122.159946,0.000000,127780.607828,CPTY_A
102,2020-01-17,14,98881.767978,90529.169106,0.000000,132884.842298,CPTY_A
103,2020-01-31,14,102633.530978,94122.746713,0.000000,133488.890160,CPTY_A
104,2020-02-14,14,103906.702447,95125.190630,0.000000,144079.075930,CPTY_A
105,2020-02-28,14,103593.957537,94895.618872,0.000000,118643.792627,CPTY_A
106,2020-03-13,14,101833.186961,93572.809527,0.000000,137087.095889,CPTY_A
107,2020-03-27,18,102731.100526,94124.432524,0.000000,140391.275530,CPTY_A
108,2020-04-14,10,105799.374417,96835.161139,0.000000,139881.929974,CPTY_A
109,2020-04-24,14,105918.601100,96936.298208,0.000000,126431.541275,CPTY_A
110,2020-05-08,14,105023.818622,96355.926726,0.000000,148087.201782,CPTY_A
111,2020-05-22,14,107604.608452,98632.330534,0.000000,134724.787054,CPTY_A
112,2020-06-05,14,100939.551965,92954.983531,0.000000,126995.147109,CPTY_A
113,2020-06-19,17,102805.149771,94541.529836,0.000000,131838.388997,CPTY_A
114,2020-07-06,11,103463.579199,95225.382712,0.000000,127833.077614,CPTY_A
115,2020-07-17,14,102074.601910,94257.438598,0.000000,129113.617697,CPTY_A
116,2020-07-31,14,99032.216439,91369.042107,0.000000,120900.439476,CPTY_A
117,2020-08-14,14,106804.648992,98542.998655,0.000000,140450.256842,CPTY_A
118,2020-08-28,14,105941.273335,97787.993597,0.000000,144144.751071,CPTY_A
119,2020-09-11,14,102141.637351,94164.402165,0.000000,120449.709979,CPTY_A
120,2020-09-25,14,107001.545092,98617.359015,0.000000,150935.183133,CPTY_A
121,2020-10-09,14,103516.998791,95502.896570,0.000000,142152.939866,CPTY_A
122,2020-10-23,14,105693.185386,97566.230825,0.000000,148573.221522,CPTY_A
123,2020-11-06,14,104029.239376,96027.026346,0.000000,145196.680933,CPTY_A
124,2020-11-20,14,101472.502929,93723.119358,0.000000,128184.507927,CPTY_A
125,2020-12-04,14,105120.414667,96988.220960,0.000000,145351.627525,CPTY_A
126,2020-12-18,17,108985.853950,100500.032524,0.000000,157035.035969,CPTY_A
127,2021-01-04,11,97307.742375,89953.286177,0.000000,121277.168104,CPTY_A
128,2021-01-15,14,112783.009762,104328.230416,0.000000,146002.782247,CPTY_A
129,2021-01-29,14,104566.986156,96634.412210,0.000000,124048.752152,CPTY_A
130,2021-02-12,14,102974.416480,95347.376748,0.000000,127662.758394,CPTY_A
131,2021-02-26,14,105038.296311,97472.375240,0.000000,155702.454813,CPTY_A
132,2021-03-12,14,106180.350998,98261.736274,0.000000,131596.979525,CPTY_A
133,2021-03-26,14,101213.255418,93708.796612,0.000000,124211.175271,CPTY_A
134,2021-04-09,14,103111.360643,95352.608042,0.000000,132029.445874,CPTY_A
135,2021-04-23,14,104991.192247,97187.093762,0.000000,128909.560108,CPTY_A
136,2021-05-07,14,110738.157947,102638.537146,0.000000,150390.336592,CPTY_A
137,2021-05-21,14,105769.426256,97847.950692,0.000000,135929.555918,CPTY_A
138,2021-06-04,14,105997.966496,98266.483200,0.000000,156760.090958,CPTY_A
139,2021-06-18,14,103342.336353,96036.124935,0.000000,139645.088310,CPTY_A
140,2021-07-02,14,105157.527063,97598.356873,0.000000,131395.872500,CPTY_A
141,2021-07-16,14,101154.126336,94128.777824,0.000000,134269.492338,CPTY_A
142,2021-07-30,14,111144.147788,103471.369725,0.000000,138423.330736,CPTY_A
143,2021-08-13,14,105116.361701,97721.789909,0.000000,122630.732807,CPTY_A
144,2021-08-27,14,106859.025725,99331.081591,0.000000,144017.039250,CPTY_A
145,2021-09-10,14,106266.204000,98660.332406,0.000000,161604.734018,CPTY_A
146,2021-09-24,14,107389.812000,99806.585349,0.000000,148439.848298,CPTY_A
147,2021-10-08,14,105682.384228,98424.405439,0.000000,139282.866436,CPTY_A
148,2021-10-22,14,104224.875360,97396.085460,0.000000,126927.871183,CPTY_A
149,2021-11-05,14,104133.785987,97207.226831,0.000000,140664.297781,CPTY_A
150,2021-11-19,14,102724.575581,96326.402977,0.000000,127562.772785,CPTY_A
151,2021-12-03,14,109138.140911,102444.686722,0.000000,143247.842206,CPTY_A
152,2021-12-17,18,114303.421094,107341.096382,0.000000,181858.496055,CPTY_A
153,2022-01-04,10,107844.788601,101316.252916,0.000000,139419.184603,CPTY_A
154,2022-01-14,14,105784.149851,99400.670007,0.000000,139596.752025,CPTY_A
155,2022-01-28,14,107188.928719,100946.468877,0.000000,141836.850064,CPTY_A
156,2022-02-11,14,101680.151412,95749.404140,0.000000,117310.979274,CPTY_A
157,2022-02-25,14,109924.996638,103343.419016,0.000000,138179.702372,CPTY_A
158,2022-03-11,14,106419.936849,100077.858317,0.000000,137274.806352,CPTY_A
159,2022-03-25,14,103189.734919,97061.422511,0.000000,141196.413041,CPTY_A
160,2022-04-08,14,105471.416006,99243.943125,0.000000,143745.942386,CPTY_A
161,2022-04-22,14,103078.332394,96984.399473,0.000000,132476.897356,CPTY_A
162,2022-05-06,14,105216.373573,99094.191372,0.000000,136792.077949,CPTY_A
163,2022-05-20,14,105699.488411,99699.806496,0.000000,124956.637391,CPTY_A
164,2022-06-03,14,102373.998228,96567.384538,0.000000,134280.690034,CPTY_A
165,2022-06-17,14,103675.974846,97770.381197,0.000000,130082.652897,CPTY_A
166,2022-07-01,14,100715.249205,94928.332647,0.000000,136968.134839,CPTY_A
167,2022-07-15,14,103114.630423,97259.811837,0.000000,146061.142550,CPTY_A
168,2022-07-29,14,103329.991031,97443.044082,0.000000,136594.235161,CPTY_A
169,2022-08-12,14,103701.179797,97955.701269,0.000000,154943.910400,CPTY_A
170,2022-08-26,14,105893.188180,99932.353668,0.000000,131406.731442,CPTY_A
171,2022-09-09,14,104910.105378,99014.740862,0.000000,134359.403191,CPTY_A
172,2022-09-23,14,106116.046193,100109.504517,0.000000,144879.722074,CPTY_A
173,2022-10-07,14,107632.561912,101703.039543,0.000000,135673.209766,CPTY_A
174,2022-10-21,14,106131.893563,100394.544362,0.000000,131496.133903,CPTY_A
175,2022-11-04,14,104327.766992,98801.370227,0.000000,133415.702834,CPTY_A
176,2022-11-18,14,109062.791006,103342.091141,0.000000,129773.702239,CPTY_A
177,2022-12-02,14,109739.031527,104353.030550,0.000000,137499.527472,CPTY_A
178,2022-12-16,14,110823.700247,105449.573918,0.000000,145291.823981,CPTY_A
179,2022-12-30,14,111790.882548,106273.640215,0.000000,143752.075282,CPTY_A
180,2023-01-13,14,99190.295088,94356.225698,0.000000,139750.156732,CPTY_A
181,2023-01-27,14,104937.563366,99772.892220,0.000000,144628.035859,CPTY_A
182,2023-02-10,14,103834.651728,98737.326901,0.000000,138242.043934,CPTY_A
183,2023-02-24,14,111339.535463,105916.334310,0.000000,142124.739986,CPTY_A
184,2023-03-10,14,114186.862746,108794.432899,0.000000,163060.003566,CPTY_A
185,2023-03-24,18,105146.018616,100184.370231,0.000000,144296.898493,CPTY_A
186,2023-04-11,10,109582.338049,104407.532616,0.000000,141735.032382,CPTY_A
187,2023-04-21,14,110008.076577,104729.118412,0.000000,146671.786047,CPTY_A
188,2023-05-05,14,104292.202446,99424.396795,0.000000,138607.720136,CPTY_A
189,2023-05-19,14,102729.372223,97800.730522,0.000000,137095.512173,CPTY_A
190,2023-06-02,14,107409.495068,102220.588384,0.000000,154001.981459,CPTY_A
191,2023-06-16,14,102804.836609,97809.456520,0.000000,137341.836504,CPTY_A
192,2023-06-30,14,102597.729174,97755.463671,0.000000,137644.504500,CPTY_A
193,2023-07-14,14,111177.237163,106318.596751,0.000000,156561.739032,CPTY_A
194,2023-07-28,14,114190.180634,109092.783816,0.000000,144671.355990,CPTY_A
195,2023-08-11,14,110155.738133,105208.035052,0.000000,156264.369445,CPTY_A
196,2023-08-25,14,108426.356788,103741.712290,0.000000,145851.981127,CPTY_A
197,2023-09-08,14,108992.653091,104325.512902,0.000000,147452.680329,CPTY_A
198,2023-09-22,14,111665.704810,107142.549347,0.000000,168419.595115,CPTY_A
199,2023-10-06,14,110294.789765,105532.718481,0.000000,148119.767539,CPTY_A
200,2023-10-20,14,106876.652336,101962.652302,0.000000,134465.170712,CPTY_A
201,2023-11-03,14,105976.257116,101404.960789,0.000000,161265.259583,CPTY_A
202,2023-11-17,14,105680.902504,101253.547974,0.000000,139921.022825,CPTY_A
203,2023-12-01,14,107865.359078,103316.616146,0.000000,167229.357703,CPTY_A
204,2023-12-15,14,106353.782070,101989.394108,0.000000,152258.882897,CPTY_A
205,2023-12-29,14,104821.365550,100466.801186,0.000000,131050.713501,CPTY_A
206,2024-01-12,14,106525.697274,102105.401767,0.000000,131409.311628,CPTY_A
207,2024-01-26,14,103621.311315,99428.403823,0.000000,126930.499931,CPTY_A
208,2024-02-09,14,104803.580596,100496.055280,0.000000,131563.738847,CPTY_A
209,2024-02-23,14,107662.817944,103104.071671,0.000000,149558.190701,CPTY_A
210,2024-03-08,14,107787.207311,103283.581921,0.000000,141084.427919,CPTY_A
211,2024-03-22,14,109064.725764,104699.120203,0.000000,137823.602453,CPTY_A
212,2024-04-05,14,106275.558602,102031.868400,0.000000,133522.800937,CPTY_A
213,2024-04-19,14,104492.601240,100267.785729,0.000000,133139.548537,CPTY_A
214,2024-05-03,14,103054.428287,98801.677470,0.000000,126602.989068,CPTY_A
215,2024-05-17,14,106267.192423,102052.319208,0.000000,127225.417858,CPTY_A
216,2024-05-31,14,110611.254181,106325.590833,0.000000,155306.434262,CPTY_A
217,2024-06-14,14,109587.897025,105186.829042,0.000000,151215.546267,CPTY_A
218,2024-06-28,14,106710.702229,102529.268891,0.000000,165031.794839,CPTY_A
219,2024-07-12,14,111504.749102,107300.461186,0.000000,164062.254891,CPTY_A
220,2024-07-26,14,92899.047302,89061.396036,0.000000,121772.518455,CPTY_A
221,2024-08-09,14,119115.685655,114371.864037,0.000000,165801.109715,CPTY_A
222,2024-08-23,14,111285.170144,107813.773225,0.000000,168376.177046,CPTY_A
223,2024-09-06,14,106761.866777,103058.791760,0.000000,148449.320972,CPTY_A
224,2024-09-20,14,103747.010103,99944.307793,0.000000,112410.188597,CPTY_A
225,2024-10-04,14,106471.904424,103194.365645,0.000000,130776.081547,CPTY_A
226,2024-10-18,14,108026.650810,104052.666505,0.000000,162836.258726,CPTY_A
227,2024-11-01,14,106044.330774,102201.691361,0.000000,133660.403398,CPTY_A
228,2024-11-15,14,106395.874175,102641.255664,0.000000,134835.034578,CPTY_A
229,2024-11-29,14,108343.097369,104587.655473,0.000000,144091.942405,CPTY_A
230,2024-12-13,14,105390.733715,101725.635468,0.000000,148109.358935,CPTY_A
231,2024-12-27,14,109975.324725,106583.951142,0.000000,150235.988182,CPTY_A
232,2025-01-10,14,102676.045472,99401.728619,0.000000,142658.037566,CPTY_A
233,2025-01-24,14,108755.351988,105603.440797,0.000000,154618.478290,CPTY_A
234,2025-02-07,14,106682.811430,103475.073357,0.000000,154007.438474,CPTY_A
235,2025-02-21,14,109282.815391,106048.419470,0.000000,146646.979757,CPTY_A
236,2025-03-07,14,112684.469930,109645.518618,0.000000,156700.077071,CPTY_A
237,2025-03-21,14,109819.235824,106750.449734,0.000000,147271.573239,CPTY_A
238,2025-04-04,18,100970.062806,98276.339420,0.000000,132660.984363,CPTY_A
239,2025-04-22,10,110563.613864,107777.363589,0.000000,151003.280684,CPTY_A
240,2025-05-02,14,105954.902990,103097.241391,0.000000,138375.941093,CPTY_A
241,2025-05-16,14,107325.438106,104393.510776,0.000000,148135.733665,CPTY_A
242,2025-05-30,14,104110.581547,101546.780076,0.000000,130949.381142,CPTY_A
243,2025-06-13,14,107238.101435,104513.068265,0.000000,148574.791880,CPTY_A
244,2025-06-27,14,106130.399947,103703.295512,0.000000,163652.282218,CPTY_A
245,2025-07-11,14,109137.017271,106549.283956,0.000000,150378.136460,CPTY_A
246,2025-07-25,14,108873.990804,106210.678242,0.000000,149131.185965,CPTY_A
247,2025-08-08,14,108348.044491,105786.482119,0.000000,147530.412424,CPTY_A
248,2025-08-22,14,112586.586323,109871.532465,0.000000,154436.367159,CPTY_A
249,2025-09-05,14,106762.762380,104099.182780,0.000000,160555.305359,CPTY_A
250,2025-09-19,14,105687.679779,103254.882439,0.000000,142114.959502,CPTY_A
251,2025-10-03,14,113207.525022,110773.136604,0.000000,151775.915383,CPTY_A
252,2025-10-17,14,113804.020676,111428.728822,0.000000,153718.125782,CPTY_A
253,2025-10-31,14,107802.750081,105590.331549,0.000000,136180.312406,CPTY_A
254,2025-11-14,14,107360.867443,105206.173630,0.000000,154807.798900,CPTY_A
255,2025-11-28,14,113699.422681,111428.211391,0.000000,160669.518803,CPTY_A
256,2025-12-12,17,111166.013893,109080.238338,0.000000,152975.727705,CPTY_A
257,2025-12-29,11,114618.383906,112348.343026,0.000000,157119.062467,CPTY_A
258,2026-01-09,14,106031.353734,103792.287862,0.000000,136896.273725,CPTY_A
259,2026-01-23,14,117732.828927,115643.354022,0.000000,163541.390334,CPTY_A
260,2026-02-06,14,108840.383227,106706.790523,0.000000,163558.251029,CPTY_A
261,2026-02-20,14,109182.699863,106930.046106,0.000000,154855.828209,CPTY_A
262,2026-03-06,14,109657.095572,107482.766173,0.000000,139540.097898,CPTY_A
263,2026-03-20,18,109112.281696,106934.606892,0.000000,156882.678945,CPTY_A
264,2026-04-07,10,116513.666230,114390.650496,0.000000,145326.284490,CPTY_A
265,2026-04-17,18,120251.536870,118168.688472,0.000000,158033.712958,CPTY_A
266,2026-05-05,10,124671.167822,122564.022257,0.000000,140677.943451,CPTY_A
267,2026-05-15,14,115923.466293,113929.259089,0.000000,157686.870370,CPTY_A
268,2026-05-29,14,115849.544168,114100.735444,0.000000,144016.755568,CPTY_A
269,2026-06-12,14,111721.551714,110093.767204,0.000000,168356.804518,CPTY_A
270,2026-06-26,14,110574.757205,108872.951488,0.000000,135939.246084,CPTY_A
271,2026-07-10,14,112917.669064,111163.248946,0.000000,145435.937116,CPTY_A
272,2026-07-24,14,110098.532567,108492.305928,0.000000,137924.233902,CPTY_A
273,2026-08-07,14,114265.035727,112690.950012,0.000000,165858.844510,CPTY_A
274,2026-08-21,14,109788.031841,108295.082581,0.000000,139229.799399,CPTY_A
275,2026-09-04,14,108934.431635,107395.442379,0.000000,147403.945190,CPTY_A
276,2026-09-18,14,106473.194591,105116.880343,0.000000,141244.115447,CPTY_A
277,2026-10-02,14,110733.414280,109957.880436,0.000000,154829.630816,CPTY_A
278,2026-10-16,14,112109.875197,111339.998769,0.000000,159490.886314,CPTY_A
279,2026-10-30,14,103792.187257,103326.236269,0.000000,151664.286289,CPTY_A
280,2026-11-13,14,105481.080831,104981.524362,0.000000,152713.925725,CPTY_A
281,2026-11-27,14,109513.901667,109367.902994,0.000000,133013.538784,CPTY_A
282,2026-12-11,18,106398.870624,106227.495675,0.000000,126180.790159,CPTY_A
283,2026-12-29,10,105545.309220,105221.871252,0.000000,122048.393399,CPTY_A
284,2027-01-08,14,103513.297209,103119.688115,0.000000,130496.942021,CPTY_A
285,2027-01-22,14,104509.651197,103548.416756,0.000000,134850.048966,CPTY_A
286,2027-02-05,14,105468.802892,104450.720240,0.000000,136725.018010,CPTY_A
287,2027-02-19,14,103136.091938,102248.078229,-10867.104306,127674.994979,CPTY_A
288,2027-03-05,14,98638.750801,97924.822799,0.000000,149548.385740,CPTY_A
289,2027-03-19,14,101243.710690,100673.200651,0.000000,143549.422450,CPTY_A
290,2027-04-02,14,102984.953427,102492.224449,0.000000,131969.229093,CPTY_A
291,2027-04-16,14,100394.747487,99857.546609,0.000000,135981.756800,CPTY_A
292,2027-04-30,14,98879.305281,98306.570162,0.000000,135570.217034,CPTY_A
293,2027-05-14,14,107589.224757,107204.508736,0.000000,149080.078088,CPTY_A
294,2027-05-28,14,88716.120661,88344.351327,0.000000,120801.115803,CPTY_A
295,2027-06-11,14,93505.428164,93253.126791,0.000000,124580.482464,CPTY_A
296,2027-06-25,14,99127.819559,98893.977485,0.000000,132859.985369,CPTY_A
297,2027-07-09,14,98731.666062,98491.461951,0.000000,132780.468931,CPTY_A
298,2027-07-23,14,99271.935881,99412.327842,0.000000,132440.322076,CPTY_A
299,2027-08-06,14,99455.750762,99313.271909,0.000000,130579.711228,CPTY_A
300,2027-08-20,14,98433.223691,98438.267871,-11194.837768,130922.570270,CPTY_A
301,2027-09-03,14,96061.379049,96108.975129,0.000000,127217.430866,CPTY_A
302,2027-09-17,14,88312.105607,88401.552058,0.000000,110475.595439,CPTY_A
303,2027-10-01,14,90708.317572,91049.998857,0.000000,120472.937099,CPTY_A
304,2027-10-15,14,92475.648682,92998.231633,0.000000,115412.700256,CPTY_A
305,2027-10-29,14,95277.373635,95667.965703,0.000000,121863.296222,CPTY_A
306,2027-11-12,14,87607.057166,88479.454451,0.000000,119835.488062,CPTY_A
307,2027-11-26,14,94135.715758,94681.265991,0.000000,110543.090446,CPTY_A
308,2027-12-10,19,91516.875588,92101.344801,0.000000,118992.167328,CPTY_A
309,2027-12-29,9,89901.781191,90593.619666,0.000000,121096.965114,CPTY_A
310,2028-01-07,14,91058.209892,91756.386206,0.000000,123845.220966,CPTY_A
311,2028-01-21,14,90260.517873,90880.967692,0.000000,113977.920587,CPTY_A
312,2028-02-04,14,88124.975481,88816.320536,0.000000,114528.753623,CPTY_A
313,2028-02-18,14,91412.589232,92317.778180,61321.260471,114903.467842,CPTY_A
314,2028-03-03,14,86336.607719,87103.425116,0.000000,118839.198125,CPTY_A
315,2028-03-17,14,85312.356491,86095.204624,0.000000,123337.645082,CPTY_A
316,2028-03-31,18,83930.762184,84650.399539,0.000000,112761.293442,CPTY_A
317,2028-04-18,10,85627.936085,86214.906156,0.000000,115045.407162,CPTY_A
318,2028-04-28,14,83073.343443,83657.133423,0.000000,111595.604325,CPTY_A
319,2028-05-12,14,98079.866871,98670.452597,0.000000,132779.293325,CPTY_A
320,2028-05-26,14,70166.054173,70713.858689,0.000000,92333.181182,CPTY_A
321,2028-06-09,14,84233.026086,84962.162418,0.000000,119286.774404,CPTY_A
322,2028-06-23,14,83067.009225,83889.964199,0.000000,115682.185977,CPTY_A
323,2028-07-07,14,79809.440531,80654.817342,0.000000,110657.172751,CPTY_A
324,2028-07-21,14,81957.727673,82902.938601,0.000000,112047.492892,CPTY_A
325,2028-08-04,14,87781.067371,88896.510720,0.000000,117283.465043,CPTY_A
326,2028-08-18,14,84925.429693,85966.260403,-11847.999493,120245.702786,CPTY_A
327,2028-09-01,14,74945.208423,76083.399558,0.000000,109756.180174,CPTY_A
328,2028-09-15,14,81253.878907,82493.751277,0.000000,103460.977609,CPTY_A
329,2028-09-29,14,75690.319303,76895.311354,0.000000,102079.296125,CPTY_A
330,2028-10-13,14,80042.883626,81008.488145,0.000000,102952.442949,CPTY_A
331,2028-10-27,17,77742.154693,78828.614683,0.000000,104242.468672,CPTY_A
332,2028-11-13,11,78574.387670,79720.121300,0.000000,104205.427191,CPTY_A
333,2028-11-24,14,81027.418929,82336.046813,0.000000,103549.190810,CPTY_A
334,2028-12-08,14,77202.151297,78524.613506,0.000000,109826.827645,CPTY_A
335,2028-12-22,14,76189.004801,77405.032838,0.000000,101439.271144,CPTY_A
336,2029-01-05,14,76585.395156,77898.213968,0.000000,94708.677957,CPTY_A
337,2029-01-19,14,77341.567424,78759.066192,0.000000,104482.689097,CPTY_A
338,2029-02-02,14,79003.523728,80348.703674,0.000000,99799.698769,CPTY_A
339,2029-02-16,14,81762.772223,83276.978411,60304.439154,115734.671628,CPTY_A
340,2029-03-02,14,71843.873310,73132.310251,0.000000,100177.861696,CPTY_A
341,2029-03-16,18,74118.353689,75566.116515,0.000000,97311.449111,CPTY_A
342,2029-04-03,10,67845.791240,69142.750490,0.000000,87539.695183,CPTY_A
343,2029-04-13,14,70135.884969,71513.789512,0.000000,95284.573215,CPTY_A
344,2029-04-27,14,71753.662277,73212.682561,0.000000,95226.540620,CPTY_A
345,2029-05-11,14,72287.977080,73893.066753,0.000000,103035.717373,CPTY_A
346,2029-05-25,14,71452.843465,72970.777072,0.000000,96316.313727,CPTY_A
347,2029-06-08,14,70845.141383,72457.537765,0.000000,94965.918405,CPTY_A
348,2029-06-22,14,75430.124413,77199.714974,0.000000,99357.448245,CPTY_A
349,2029-07-06,14,71325.234018,72989.807089,0.000000,92742.212438,CPTY_A
350,2029-07-20,14,72109.099062,73799.762458,0.000000,88470.541411,CPTY_A
351,2029-08-03,14,69294.626268,70968.901936,0.000000,98578.588993,CPTY_A
352,2029-08-17,14,73185.831064,74999.937627,0.000000,98132.256988,CPTY_A
353,2029-08-31,14,64789.277028,66498.819839,-12101.029154,84765.484386,CPTY_A
354,2029-09-14,14,67602.366281,69355.255608,0.000000,85769.321984,CPTY_A
355,2029-09-28,14,66905.400737,68693.559564,0.000000,84680.580899,CPTY_A
356,2029-10-12,14,66001.747750,67764.249866,0.000000,86602.074858,CPTY_A
357,2029-10-26,14,66763.445125,68594.573448,0.000000,87518.635313,CPTY_A
358,2029-11-09,14,66497.670909,68360.273263,0.000000,88870.216418,CPTY_A
359,2029-11-23,14,65003.404699,66967.423449,0.000000,78835.880485,CPTY_A
360,2029-12-07,14,65001.712986,66831.422095,0.000000,91475.265463,CPTY_A
361,2029-12-21,14,66453.138844,68465.234405,0.000000,81403.761726,CPTY_A
362,2030-01-04,14,65168.117204,67131.275057,0.000000,84426.536681,CPTY_A
363,2030-01-18,14,66821.544974,68856.946186,0.000000,83725.286692,CPTY_A
364,2030-02-01,14,64527.468919,66474.651895,0.000000,83975.606719,CPTY_A
365,2030-02-15,14,62724.356726,64870.403469,59885.570406,87389.020961,CPTY_A
366,2030-03-01,14,62343.045914,64203.676713,0.000000,82111.780668,CPTY_A
367,2030-03-15,14,59817.934416,61726.816431,0.000000,76580.147159,CPTY_A
368,2030-03-29,14,57943.503923,59805.598561,0.000000,76248.153538,CPTY_A
369,2030-04-12,14,59464.256112,61416.469707,0.000000,81736.489987,CPTY_A
370,2030-04-26,14,58867.607628,60799.603293,0.000000,78943.719002,CPTY_A
371,2030-05-10,14,58408.740909,60343.546872,0.000000,77898.628230,CPTY_A
372,2030-05-24,14,58924.841252,61002.967396,0.000000,74374.655083,CPTY_A
373,2030-06-07,14,58034.505820,60077.243886,0.000000,88229.182116,CPTY_A
374,2030-06-21,14,58533.332310,60713.503737,0.000000,81280.622880,CPTY_A
375,2030-07-05,14,57271.791526,59352.004491,0.000000,71013.843275,CPTY_A
376,2030-07-19,14,58874.803341,61148.782173,0.000000,82569.836114,CPTY_A
377,2030-08-02,14,58266.038221,60362.112804,0.000000,72580.507632,CPTY_A
378,2030-08-16,14,60205.281885,62456.962745,0.000000,82752.627823,CPTY_A
379,2030-08-30,14,54206.701654,56160.957822,-11959.174242,70917.922516,CPTY_A
380,2030-09-13,14,53009.456958,55026.592087,0.000000,67626.446830,CPTY_A
381,2030-09-27,14,51242.498311,53145.942330,0.000000,62772.044658,CPTY_A
382,2030-10-11,14,53343.794221,55529.460051,0.000000,74300.681791,CPTY_A
383,2030-10-25,14,52293.268380,54366.891423,0.000000,71488.852732,CPTY_A
384,2030-11-08,14,53514.994040,55575.226516,0.000000,65306.151623,CPTY_A
385,2030-11-22,14,54742.994525,56883.340828,0.000000,72996.389890,CPTY_A
386,2030-12-06,14,54313.204241,56544.194738,0.000000,71790.531873,CPTY_A
387,2030-12-20,14,52336.235089,54442.657840,0.000000,65938.021788,CPTY_A
388,2031-01-03,14,53082.761586,55177.803004,0.000000,74041.455282,CPTY_A
389,2031-01-17,14,53240.272222,55427.311085,0.000000,71619.629161,CPTY_A
390,2031-01-31,14,50727.976347,52739.897080,0.000000,61875.333638,CPTY_A
391,2031-02-14,14,52872.944042,55073.551351,0.000000,66929.962677,CPTY_A
392,2031-02-28,14,48980.888805,50974.831878,59051.120531,68142.386288,CPTY_A
393,2031-03-14,14,48959.479520,50902.459283,0.000000,64623.014232,CPTY_A
394,2031-03-28,18,44693.267785,46490.794550,0.000000,58239.202353,CPTY_A
395,2031-04-15,10,46558.846519,48624.762413,0.000000,58155.771451,CPTY_A
396,2031-04-25,14,48843.197112,50939.036996,0.000000,68514.340262,CPTY_A
397,2031-05-09,14,47246.319856,49252.105637,0.000000,56191.625100,CPTY_A
398,2031-05-23,14,47834.318694,50042.404817,0.000000,64147.869784,CPTY_A
399,2031-06-06,14,49025.117787,51225.168692,0.000000,65715.137410,CPTY_A
400,2031-06-20,17,45580.474599,47610.180372,0.000000,64554.150800,CPTY_A
401,2031-07-07,11,48126.487848,50313.256891,0.000000,72179.618539,CPTY_A
402,2031-07-18,17,46685.063051,48749.528343,0.000000,62862.712574,CPTY_A
403,2031-08-04,11,47112.613610,49189.840340,0.000000,62703.562942,CPTY_A
404,2031-08-15,14,46961.473934,49122.142528,0.000000,61680.946219,CPTY_A
405,2031-08-29,14,41204.519366,43235.470258,-12191.391485,55626.589956,CPTY_A
406,2031-09-12,14,41171.311651,43075.921406,0.000000,56768.693546,CPTY_A
407,2031-09-26,14,42159.785626,44418.777526,0.000000,54262.277432,CPTY_A
408,2031-10-10,14,39132.897265,40971.824834,0.000000,56473.227831,CPTY_A
409,2031-10-24,14,40814.032185,42833.815914,0.000000,61056.755532,CPTY_A
410,2031-11-07,14,42542.784492,44795.467822,0.000000,55282.785699,CPTY_A
411,2031-11-21,14,43044.400417,45267.375339,0.000000,58353.301393,CPTY_A
412,2031-12-05,14,41114.462782,43149.897412,0.000000,60414.443321,CPTY_A
413,2031-12-19,17,41860.650317,44033.499096,0.000000,53487.230159,CPTY_A
414,2032-01-05,11,42324.110728,44525.318720,0.000000,53801.637788,CPTY_A
415,2032-01-16,14,42825.295966,45110.281890,0.000000,57311.660825,CPTY_A
416,2032-01-30,14,42434.037720,44706.591535,0.000000,52785.207091,CPTY_A
417,2032-02-13,14,42198.726318,44492.926895,0.000000,56664.669553,CPTY_A
418,2032-02-27,14,36527.019314,38463.122885,57362.749799,47749.737581,CPTY_A
419,2032-03-12,18,35861.507801,37765.263941,0.000000,50939.700511,CPTY_A
420,2032-03-30,10,35962.766044,37876.403789,0.000000,49447.002872,CPTY_A
421,2032-04-09,14,36367.039870,38300.670701,0.000000,50433.143291,CPTY_A
422,2032-04-23,14,35559.553076,37518.513673,0.000000,49507.244066,CPTY_A
423,2032-05-07,14,36718.723754,38776.542256,0.000000,47856.390061,CPTY_A
424,2032-05-21,14,35086.956467,36983.507404,0.000000,45755.300751,CPTY_A
425,2032-06-04,14,36805.810214,38902.031269,0.000000,45851.136760,CPTY_A
426,2032-06-18,14,35639.101698,37703.820700,0.000000,45172.210791,CPTY_A
427,2032-07-02,14,34404.307361,36369.539660,0.000000,41289.238155,CPTY_A
428,2032-07-16,14,35858.384600,37994.583464,0.000000,48768.827162,CPTY_A
429,2032-07-30,14,37107.731071,39420.514593,0.000000,49144.732605,CPTY_A
430,2032-08-13,14,34694.943802,36647.449820,0.000000,44199.903323,CPTY_A
431,2032-08-27,14,35608.834566,37842.388863,-12877.110318,46276.177941,CPTY_A
432,2032-09-10,14,30756.735265,32518.670184,0.000000,37396.857813,CPTY_A
433,2032-09-24,14,30182.598574,32013.707246,0.000000,38474.988310,CPTY_A
434,2032-10-08,14,31827.017091,33686.782793,0.000000,42960.566625,CPTY_A
435,2032-10-22,14,29743.923798,31555.919533,0.000000,36199.281686,CPTY_A
436,2032-11-05,14,30394.244178,32225.739322,0.000000,39971.214898,CPTY_A
437,2032-11-19,14,30138.764051,31926.808332,0.000000,38251.648760,CPTY_A
438,2032-12-03,14,30865.509943,32741.775210,0.000000,41244.352406,CPTY_A
439,2032-12-17,18,31385.394640,33313.591527,0.000000,39530.556348,CPTY_A
440,2033-01-04,10,29423.019153,31219.023700,0.000000,36447.672584,CPTY_A
441,2033-01-14,14,31265.544775,33118.765213,0.000000,40020.544735,CPTY_A
442,2033-01-28,14,30267.785702,32144.625712,0.000000,41641.757180,CPTY_A
443,2033-02-11,14,31259.359178,33199.386848,0.000000,42080.209322,CPTY_A
444,2033-02-25,14,31094.739859,33065.739826,56436.988768,37985.828263,CPTY_A
445,2033-03-11,14,27532.400900,29393.435295,0.000000,35558.213861,CPTY_A
446,2033-03-25,14,23034.675442,24383.640781,0.000000,30798.535665,CPTY_A
447,2033-04-08,14,25441.911332,27073.743374,0.000000,33825.189599,CPTY_A
448,2033-04-22,14,24691.349566,26335.574727,0.000000,35144.950422,CPTY_A
449,2033-05-06,14,24619.861748,26253.217919,0.000000,32389.365534,CPTY_A
450,2033-05-20,14,25027.137056,26685.432057,0.000000,32145.009894,CPTY_A
451,2033-06-03,14,26545.548509,28431.893228,0.000000,36426.339627,CPTY_A
452,2033-06-17,14,25253.447845,26844.991681,0.000000,34052.469378,CPTY_A
453,2033-07-01,14,23746.544007,25426.048763,0.000000,29721.049448,CPTY_A
454,2033-07-15,14,25686.694534,27415.042227,0.000000,32422.434234,CPTY_A
455,2033-07-29,14,25224.079967,27084.194585,0.000000,33297.955802,CPTY_A
456,2033-08-12,14,23819.291053,25343.214221,0.000000,32499.060445,CPTY_A
457,2033-08-26,14,24282.810853,25909.618767,-13379.352601,30936.562183,CPTY_A
458,2033-09-09,14,20216.771239,21624.839535,0.000000,28280.181742,CPTY_A
459,2033-09-23,14,19932.655924,21336.602244,0.000000,26559.075849,CPTY_A
460,2033-10-07,14,19448.077077,20823.022361,0.000000,26933.524435,CPTY_A
461,2033-10-21,14,19209.639561,20540.430707,0.000000,25218.387775,CPTY_A
462,2033-11-04,14,19857.506658,21288.313420,0.000000,27736.711730,CPTY_A
463,2033-11-18,14,19992.656991,21496.565471,0.000000,26884.220582,CPTY_A
464,2033-12-02,14,19985.143638,21388.574377,0.000000,27373.706628,CPTY_A
465,2033-12-16,14,20212.046833,21633.989168,0.000000,27143.001939,CPTY_A
466,2033-12-30,14,19536.999382,20970.753423,0.000000,26399.979584,CPTY_A
467,2034-01-13,14,19893.543229,21403.984019,0.000000,24609.858653,CPTY_A
468,2034-01-27,14,21268.395737,22836.515646,0.000000,28172.479068,CPTY_A
469,2034-02-10,14,20447.023991,22002.162917,0.000000,28986.613993,CPTY_A
470,2034-02-24,14,20084.130372,21529.991866,55831.566528,24370.915817,CPTY_A
471,2034-03-10,14,15018.792442,16157.727080,0.000000,19419.968191,CPTY_A
472,2034-03-24,18,14991.125169,16119.246773,0.000000,19275.247633,CPTY_A
473,2034-04-11,10,14662.810826,15772.230598,0.000000,18187.865402,CPTY_A
474,2034-04-21,14,14525.798330,15590.022618,0.000000,19646.508758,CPTY_A
475,2034-05-05,14,14175.265898,15265.312231,0.000000,17595.868755,CPTY_A
476,2034-05-19,14,15398.354389,16549.181928,0.000000,22141.216020,CPTY_A
477,2034-06-02,14,14309.126834,15400.443235,0.000000,17661.539367,CPTY_A
478,2034-06-16,14,14277.886575,15395.778341,0.000000,17437.984101,CPTY_A
479,2034-06-30,14,15291.418029,16499.127269,0.000000,20223.833713,CPTY_A
480,2034-07-14,14,14453.179145,15636.531354,0.000000,18751.483751,CPTY_A
481,2034-07-28,14,14483.983980,15658.559471,0.000000,18369.031898,CPTY_A
482,2034-08-11,14,14116.642824,15286.079574,0.000000,18810.951948,CPTY_A
483,2034-08-25,14,14226.605862,15392.826243,-13567.530118,18669.743123,CPTY_A
484,2034-09-08,14,10263.953554,11089.109804,0.000000,13712.987154,CPTY_A
485,2034-09-22,14,10227.651030,11037.745317,0.000000,14200.655892,CPTY_A
486,2034-10-06,14,9630.969009,10363.912778,0.000000,12681.128872,CPTY_A
487,2034-10-20,14,9936.746611,10749.000271,0.000000,12766.959196,CPTY_A
488,2034-11-03,14,9680.885548,10443.379967,0.000000,12467.612331,CPTY_A
489,2034-11-17,14,9944.149425,10778.225869,0.000000,12660.148845,CPTY_A
490,2034-12-01,14,10126.852959,10946.464680,0.000000,13128.693519,CPTY_A
491,2034-12-15,14,9689.051277,10462.806586,0.000000,13103.954586,CPTY_A
492,2034-12-29,14,9877.123018,10711.927788,0.000000,12910.990816,CPTY_A
493,2035-01-12,14,9981.244728,10836.447241,0.000000,12705.426209,CPTY_A
494,2035-01-26,14,10080.879256,10848.219201,0.000000,13053.834040,CPTY_A
495,2035-02-09,14,9907.317180,10753.456636,0.000000,13114.196405,CPTY_A
496,2035-02-23,14,9781.764546,10587.729863,54870.676441,12291.686259,CPTY_A
497,2035-03-09,18,4857.268326,5271.224798,0.000000,6448.128827,CPTY_A
498,2035-03-27,10,4896.782046,5322.719978,0.000000,6495.586863,CPTY_A
499,2035-04-06,14,4944.899211,5374.545420,0.000000,6925.111412,CPTY_A
500,2035-04-20,14,4842.254580,5251.284279,0.000000,7059.210171,CPTY_A
501,2035-05-04,14,4821.166133,5223.334141,0.000000,5856.645512,CPTY_A
502,2035-05-18,14,4817.877510,5234.762851,0.000000,6084.306524,CPTY_A
503,2035-06-01,14,4974.027791,5396.236718,0.000000,6687.788622,CPTY_A
504,2035-06-15,14,4751.742787,5142.388432,0.000000,6268.049864,CPTY_A
505,2035-06-29,14,4967.593923,5380.111818,0.000000,5840.210615,CPTY_A
506,2035-07-13,14,4817.690097,5246.252906,0.000000,5986.048259,CPTY_A
507,2035-07-27,14,4872.980896,5309.647882,0.000000,6614.775238,CPTY_A
508,2035-08-10,14,5088.094460,5522.566242,0.000000,6656.968852,CPTY_A
509,2035-08-24,14,4974.469415,5409.558862,-14130.462156,6886.407229,CPTY_A
510,2035-09-07,14,120.277890,138.072412,0.000000,110.648737,CPTY_A
511,2035-09-21,14,93.912829,107.838324,0.000000,92.983888,CPTY_A
512,2035-10-05,14,112.841100,129.002125,0.000000,101.266385,CPTY_A
513,2035-10-19,14,102.429360,117.743770,0.000000,105.081092,CPTY_A
514,2035-11-02,14,112.857134,133.080698,0.000000,65.057236,CPTY_A
515,2035-11-16,14,104.593300,120.966656,0.000000,80.139662,CPTY_A
516,2035-11-30,14,99.889759,115.087073,0.000000,75.241116,CPTY_A
517,2035-12-14,14,96.363575,109.871366,0.000000,70.512941,CPTY_A
518,2035-12-28,14,94.897003,108.381001,0.000000,67.708396,CPTY_A
519,2036-01-11,14,94.324856,107.564747,0.000000,68.844074,CPTY_A
520,2036-01-25,14,94.932202,108.357483,0.000000,63.531590,CPTY_A
521,2036-02-08,14,91.944407,104.620725,0.000000,61.914555,CPTY_A
522,2036-02-22,14,65.943366,75.248783,54730.798480,45.913318,CPTY_A
523,2036-03-07,14,0.000000,0.000000,0.000000,0.000000,CPTY_A
524,2036-03-21,14,0.000000,0.000000,0.000000,0.000000,CPTY_A
525,2036-04-04,14,0.000000,0.000000,0.000000,0.000000,CPTY_A
526,2036-04-18,14,0.000000,0.000000,0.000000,0.000000,CPTY_A
527,2036-05-02,14,0.000000,0.000000,0.000000,0.000000,CPTY_A
528,2036-05-16,14,0.000000,0.000000,0.000000,0.000000,CPTY_A
529,2036-05-30,14,0.000000,0.000000,0.000000,0.000000,CPTY_A
530,2036-06-13,14,0.000000,0.000000,0.000000,0.000000,CPTY_A
531,2036-06-27,14,0.000000,0.000000,0.000000,0.000000,CPTY_A
532,2036-07-11,14,0.000000,0.000000,0.000000,0.000000,CPTY_A
533,2036-07-25,14,0.000000,0.000000,0.000000,0.000000,CPTY_A
534,2036-08-08,14,0.000000,0.000000,0.000000,0.000000,CPTY_A
535,2036-08-22,14,0.000000,0.000000,0.000000,0.000000,CPTY_A
536,2036-09-05,14,0.000000,0.000000,0.000000,0.000000,CPTY_A
537,2036-09-19,14,0.000000,0.000000,0.000000,0.000000,CPTY_A
538,2036-10-03,14,0.000000,0.000000,0.000000,0.000000,CPTY_A
