#TimeStep,Date,DaysInPeriod,ZeroOrderDIM,AverageDIM,AverageFLOW,SimpleDIM,NettingSet
0,2016-02-19,14,91145.500096,90506.145219,0.000000,103079.047208,CPTY_A
1,2016-03-04,14,87441.748612,86944.022861,0.000000,90532.853430,CPTY_A
2,2016-03-18,14,88549.007255,87713.456663,0.000000,91371.716602,CPTY_A
3,2016-04-01,14,90483.839555,89409.997235,0.000000,100734.702785,CPTY_A
4,2016-04-15,14,90053.025719,88600.851076,0.000000,99359.648263,CPTY_A
5,2016-04-29,14,89982.956563,88389.913829,0.000000,99636.851022,CPTY_A
6,2016-05-13,14,90369.137946,88608.889152,0.000000,100762.121200,CPTY_A
7,2016-05-27,14,91901.798421,90105.145589,0.000000,96690.431578,CPTY_A
8,2016-06-10,14,88241.658297,86363.714692,0.000000,99997.274385,CPTY_A
9,2016-06-24,14,90812.701660,88277.093033,0.000000,104690.461969,CPTY_A
10,2016-07-08,14,89182.983725,87323.685979,0.000000,99983.024410,CPTY_A
11,2016-07-22,14,93353.557227,89550.057842,0.000000,108447.635196,CPTY_A
12,2016-08-05,14,90736.597283,87647.767147,0.000000,94726.736112,CPTY_A
13,2016-08-19,14,92032.054097,88615.766654,0.000000,104456.815104,CPTY_A
14,2016-09-02,14,90083.996020,86969.019795,0.000000,106816.771120,CPTY_A
15,2016-09-16,14,91027.204043,87565.396966,0.000000,98115.903914,CPTY_A
16,2016-09-30,14,92439.790788,88248.174038,0.000000,104835.940460,CPTY_A
17,2016-10-14,14,99212.544133,93912.066126,0.000000,114672.462803,CPTY_A
18,2016-10-28,17,86026.158815,82539.536119,0.000000,90598.284729,CPTY_A
19,2016-11-14,11,92724.286042,88305.106632,0.000000,100123.715448,CPTY_A
20,2016-11-25,14,93550.732142,88117.577429,0.000000,123391.291613,CPTY_A
21,2016-12-09,14,95779.695427,88531.358634,0.000000,110954.281453,CPTY_A
22,2016-12-23,14,91002.484214,86359.554862,0.000000,106010.837703,CPTY_A
23,2017-01-06,14,94708.624970,88046.889716,0.000000,113539.660561,CPTY_A
24,2017-01-20,14,94946.482202,88775.690744,0.000000,112023.658884,CPTY_A
25,2017-02-03,14,93681.074395,88161.852173,0.000000,105286.411192,CPTY_A
26,2017-02-17,14,92595.631665,87093.644293,0.000000,99866.437676,CPTY_A
27,2017-03-03,14,94344.019806,86949.146730,0.000000,112457.508571,CPTY_A
28,2017-03-17,14,94738.699194,87463.213626,0.000000,106345.236072,CPTY_A
29,2017-03-31,18,97572.492805,88167.119031,0.000000,123494.632787,CPTY_A
30,2017-04-18,10,95505.340396,87696.522144,0.000000,115411.745970,CPTY_A
31,2017-04-28,14,96685.887864,88889.321654,0.000000,117311.521413,CPTY_A
32,2017-05-12,14,103739.075541,94763.386718,0.000000,115914.928225,CPTY_A
33,2017-05-26,14,86273.758293,79768.740662,0.000000,102164.689884,CPTY_A
34,2017-06-09,14,95056.700723,84877.918050,0.000000,103316.391075,CPTY_A
35,2017-06-23,14,97898.070590,85352.848377,0.000000,115879.697261,CPTY_A
36,2017-07-07,14,92556.279823,85340.447978,0.000000,110487.470326,CPTY_A
37,2017-07-21,14,94841.985216,86798.682060,0.000000,117101.450834,CPTY_A
38,2017-08-04,14,95551.810972,87500.158051,0.000000,111267.794947,CPTY_A
39,2017-08-18,14,95861.999467,87833.623485,0.000000,105556.426401,CPTY_A
40,2017-09-01,14,93322.021795,86551.689919,0.000000,116329.492564,CPTY_A
41,2017-09-15,14,95421.573857,86439.419283,0.000000,111156.291518,CPTY_A
42,2017-09-29,14,95024.089446,86431.418803,0.000000,106696.509057,CPTY_A
43,2017-10-13,14,97987.580255,87415.706383,0.000000,122600.419326,CPTY_A
44,2017-10-27,17,96059.346309,86485.644632,0.000000,115215.663089,CPTY_A
45,2017-11-13,11,95733.935793,87080.208562,0.000000,104812.538979,CPTY_A
46,2017-11-24,14,98006.212173,83809.715029,0.000000,118068.081244,CPTY_A
47,2017-12-08,14,101130.071256,86300.940387,0.000000,129482.161604,CPTY_A
48,2017-12-22,14,96206.189256,86708.256364,0.000000,116340.991351,CPTY_A
49,2018-01-05,14,98256.756315,86095.317400,0.000000,113309.955872,CPTY_A
50,2018-01-19,14,96833.174316,86902.935355,0.000000,113575.178530,CPTY_A
51,2018-02-02,14,96647.250081,85118.051174,0.000000,118878.223459,CPTY_A
52,2018-02-16,14,98846.154207,83512.247120,0.000000,118717.903485,CPTY_A
53,2018-03-02,14,114609.970382,101434.870317,0.000000,138408.087416,CPTY_A
54,2018-03-16,18,76800.999110,66856.399266,0.000000,106085.142239,CPTY_A
55,2018-04-03,10,95321.177733,85190.703822,0.000000,129513.878379,CPTY_A
56,2018-04-13,14,101837.439828,85053.451117,0.000000,120270.444582,CPTY_A
57,2018-04-27,14,96796.661249,85238.790266,0.000000,129814.325475,CPTY_A
58,2018-05-11,14,98402.959042,84565.882001,0.000000,123127.527242,CPTY_A
59,2018-05-25,14,97627.758523,85516.334635,0.000000,118343.799558,CPTY_A
60,2018-06-08,14,98872.793436,83231.145589,0.000000,125095.301070,CPTY_A
61,2018-06-22,14,101111.691630,82869.277730,0.000000,130930.124822,CPTY_A
62,2018-07-06,14,99197.285106,82810.436951,0.000000,137959.089919,CPTY_A
63,2018-07-20,14,98739.294763,84647.250861,0.000000,127080.150396,CPTY_A
64,2018-08-03,14,95933.379003,83522.494515,0.000000,121615.497815,CPTY_A
65,2018-08-17,14,99391.759157,86254.010478,0.000000,124634.856070,CPTY_A
66,2018-08-31,14,105612.007213,90724.793809,0.000000,115429.993975,CPTY_A
67,2018-09-14,14,93387.230774,79240.156946,0.000000,111340.309052,CPTY_A
68,2018-09-28,14,102485.061788,85902.339037,0.000000,120514.394351,CPTY_A
69,2018-10-12,14,99450.181197,81437.170945,0.000000,116183.711901,CPTY_A
70,2018-10-26,14,99458.597739,85530.475991,0.000000,132408.343537,CPTY_A
71,2018-11-09,14,101705.228721,84918.972573,0.000000,134993.429674,CPTY_A
72,2018-11-23,14,99839.829008,85820.755559,0.000000,135666.940274,CPTY_A
73,2018-12-07,14,101703.254102,85463.327703,0.000000,138914.312115,CPTY_A
74,2018-12-21,14,107614.743165,89400.833546,0.000000,136911.580509,CPTY_A
75,2019-01-04,14,105738.373975,86497.144054,0.000000,132265.519248,CPTY_A
76,2019-01-18,14,96063.613374,78863.024889,0.000000,118087.078567,CPTY_A
77,2019-02-01,14,98085.603617,83287.017827,0.000000,128946.400884,CPTY_A
78,2019-02-15,14,100213.694964,83887.415385,0.000000,133097.577188,CPTY_A
79,2019-03-01,14,105434.340695,83702.700090,0.000000,126224.997906,CPTY_A
80,2019-03-15,14,97931.857036,83796.924720,0.000000,116867.082741,CPTY_A
81,2019-03-29,14,101374.600385,83139.822119,0.000000,136116.419874,CPTY_A
82,2019-04-12,14,103795.930060,89516.407868,0.000000,138947.684629,CPTY_A
83,2019-04-26,14,99866.546160,80400.435598,0.000000,119615.001408,CPTY_A
84,2019-05-10,14,100959.077353,84983.168517,0.000000,127944.032320,CPTY_A
85,2019-05-24,14,100399.661104,84178.260074,0.000000,131900.535793,CPTY_A
86,2019-06-07,14,101949.049960,81089.803068,0.000000,121511.007915,CPTY_A
87,2019-06-21,14,101553.931819,86458.029187,0.000000,140370.432957,CPTY_A
88,2019-07-05,14,98389.801947,82555.485150,0.000000,136440.005002,CPTY_A
89,2019-07-19,14,104274.242737,83430.920207,0.000000,134883.559890,CPTY_A
90,2019-08-02,14,104005.767947,84981.448051,0.000000,151328.683237,CPTY_A
91,2019-08-16,14,103365.240457,83851.177536,0.000000,133324.545952,CPTY_A
92,2019-08-30,14,104675.243931,82115.493197,0.000000,124383.691441,CPTY_A
93,2019-09-13,14,109427.216178,82816.259632,0.000000,131420.413993,CPTY_A
94,2019-09-27,14,104885.069253,84100.812673,0.000000,151877.604585,CPTY_A
95,2019-10-11,14,107643.975529,87837.143736,0.000000,139925.673069,CPTY_A
96,2019-10-25,14,95502.583887,81379.949620,0.000000,104600.249574,CPTY_A
97,2019-11-08,14,101584.160276,80542.354603,0.000000,136956.355233,CPTY_A
98,2019-11-22,14,103936.588792,81436.043558,0.000000,122728.143007,CPTY_A
99,2019-12-06,14,100695.132779,81187.853313,0.000000,132364.112011,CPTY_A
100,2019-12-20,14,102512.834978,85842.923979,0.000000,141479.644761,CPTY_A
101,2020-01-03,14,99932.119069,81110.672833,0.000000,127780.607828,CPTY_A
102,2020-01-17,14,98881.767978,82605.780708,0.000000,132884.842298,CPTY_A
103,2020-01-31,14,102633.530978,84687.581918,0.000000,133488.890160,CPTY_A
104,2020-02-14,14,103906.702447,79983.602794,0.000000,144079.075930,CPTY_A
105,2020-02-28,14,103593.957537,82431.782141,0.000000,118643.792627,CPTY_A
106,2020-03-13,14,101833.186961,86644.604527,0.000000,137087.095889,CPTY_A
107,2020-03-27,18,102731.100526,83660.405588,0.000000,140391.275530,CPTY_A
108,2020-04-14,10,105799.374417,84809.849081,0.000000,139881.929974,CPTY_A
109,2020-04-24,14,105918.601100,85546.581704,0.000000,126431.541275,CPTY_A
110,2020-05-08,14,105023.818622,85598.583170,0.000000,148087.201782,CPTY_A
111,2020-05-22,14,107604.608452,86023.897887,0.000000,134724.787054,CPTY_A
112,2020-06-05,14,100939.551965,83750.752244,0.000000,126995.147109,CPTY_A
113,2020-06-19,17,102805.149771,81767.584082,0.000000,131838.388997,CPTY_A
114,2020-07-06,11,103463.579199,84237.418748,0.000000,127833.077614,CPTY_A
115,2020-07-17,14,102074.601910,85324.714720,0.000000,129113.617697,CPTY_A
116,2020-07-31,14,99032.216439,83846.887621,0.000000,120900.439476,CPTY_A
117,2020-08-14,14,106804.648992,86726.288961,0.000000,140450.256842,CPTY_A
118,2020-08-28,14,105941.273335,85388.234028,0.000000,144144.751071,CPTY_A
119,2020-09-11,14,102141.637351,83635.058287,0.000000,120449.709979,CPTY_A
120,2020-09-25,14,107001.545092,89983.604699,0.000000,150935.183133,CPTY_A
121,2020-10-09,14,103516.998791,86133.162422,0.000000,142152.939866,CPTY_A
122,2020-10-23,14,105693.185386,84641.735016,0.000000,148573.221522,CPTY_A
123,2020-11-06,14,104029.239376,85019.397199,0.000000,145196.680933,CPTY_A
124,2020-11-20,14,101472.502929,84181.702653,0.000000,128184.507927,CPTY_A
125,2020-12-04,14,105120.414667,88046.207778,0.000000,145351.627525,CPTY_A
126,2020-12-18,17,108985.853950,86988.915281,0.000000,157035.035969,CPTY_A
127,2021-01-04,11,97307.742375,77855.957860,0.000000,121277.168104,CPTY_A
128,2021-01-15,14,112783.009762,91440.676454,0.000000,146002.782247,CPTY_A
129,2021-01-29,14,104566.986156,84497.191803,0.000000,124048.752152,CPTY_A
130,2021-02-12,14,102974.416480,85566.721893,0.000000,127662.758394,CPTY_A
131,2021-02-26,14,105038.296311,85140.641770,0.000000,155702.454813,CPTY_A
132,2021-03-12,14,106180.350998,85944.935312,0.000000,131596.979525,CPTY_A
133,2021-03-26,14,101213.255418,81711.752570,0.000000,124211.175271,CPTY_A
134,2021-04-09,14,103111.360643,83343.134580,0.000000,132029.445874,CPTY_A
135,2021-04-23,14,104991.192247,85653.771705,0.000000,128909.560108,CPTY_A
136,2021-05-07,14,110738.157947,87618.225354,0.000000,150390.336592,CPTY_A
137,2021-05-21,14,105769.426256,87295.865900,0.000000,135929.555918,CPTY_A
138,2021-06-04,14,105997.966496,87023.459007,0.000000,156760.090958,CPTY_A
139,2021-06-18,14,103342.336353,83494.792326,0.000000,139645.088310,CPTY_A
140,2021-07-02,14,105157.527063,84817.217778,0.000000,131395.872500,CPTY_A
141,2021-07-16,14,101154.126336,82513.502841,0.000000,134269.492338,CPTY_A
142,2021-07-30,14,111144.147788,86815.132911,0.000000,138423.330736,CPTY_A
143,2021-08-13,14,105116.361701,84562.963917,0.000000,122630.732807,CPTY_A
144,2021-08-27,14,106859.025725,86209.368003,0.000000,144017.039250,CPTY_A
145,2021-09-10,14,106266.204000,86351.976135,0.000000,161604.734018,CPTY_A
146,2021-09-24,14,107389.812000,86755.733316,0.000000,148439.848298,CPTY_A
147,2021-10-08,14,105682.384228,90235.715765,0.000000,139282.866436,CPTY_A
148,2021-10-22,14,104224.875360,87285.255302,0.000000,126927.871183,CPTY_A
149,2021-11-05,14,104133.785987,86054.635893,0.000000,140664.297781,CPTY_A
150,2021-11-19,14,102724.575581,84360.806046,0.000000,127562.772785,CPTY_A
151,2021-12-03,14,109138.140911,89627.839023,0.000000,143247.842206,CPTY_A
152,2021-12-17,18,114303.421094,90929.809516,0.000000,181858.496055,CPTY_A
153,2022-01-04,10,107844.788601,87104.049965,0.000000,139419.184603,CPTY_A
154,2022-01-14,14,105784.149851,85328.656984,0.000000,139596.752025,CPTY_A
155,2022-01-28,14,107188.928719,86326.483355,0.000000,141836.850064,CPTY_A
156,2022-02-11,14,101680.151412,81102.351735,0.000000,117310.979274,CPTY_A
157,2022-02-25,14,109924.996638,90070.586473,0.000000,138179.702372,CPTY_A
158,2022-03-11,14,106419.936849,85861.824014,0.000000,137274.806352,CPTY_A
159,2022-03-25,14,103189.734919,84807.109972,0.000000,141196.413041,CPTY_A
160,2022-04-08,14,105471.416006,86409.811860,0.000000,143745.942386,CPTY_A
161,2022-04-22,14,103078.332394,85396.176474,0.000000,132476.897356,CPTY_A
162,2022-05-06,14,105216.373573,88904.263002,0.000000,136792.077949,CPTY_A
163,2022-05-20,14,105699.488411,86294.548251,0.000000,124956.637391,CPTY_A
164,2022-06-03,14,102373.998228,87506.868583,0.000000,134280.690034,CPTY_A
165,2022-06-17,14,103675.974846,87871.785824,0.000000,130082.652897,CPTY_A
166,2022-07-01,14,100715.249205,87695.146502,0.000000,136968.134839,CPTY_A
167,2022-07-15,14,103114.630423,89311.016312,0.000000,146061.142550,CPTY_A
168,2022-07-29,14,103329.991031,87021.191216,0.000000,136594.235161,CPTY_A
169,2022-08-12,14,103701.179797,86188.788540,0.000000,154943.910400,CPTY_A
170,2022-08-26,14,105893.188180,90324.976508,0.000000,131406.731442,CPTY_A
171,2022-09-09,14,104910.105378,87571.320979,0.000000,134359.403191,CPTY_A
172,2022-09-23,14,106116.046193,89722.641989,0.000000,144879.722074,CPTY_A
173,2022-10-07,14,107632.561912,91048.138196,0.000000,135673.209766,CPTY_A
174,2022-10-21,14,106131.893563,87770.028939,0.000000,131496.133903,CPTY_A
175,2022-11-04,14,104327.766992,87102.305027,0.000000,133415.702834,CPTY_A
176,2022-11-18,14,109062.791006,92118.792863,0.000000,129773.702239,CPTY_A
177,2022-12-02,14,109739.031527,88988.043208,0.000000,137499.527472,CPTY_A
178,2022-12-16,14,110823.700247,91387.304051,0.000000,145291.823981,CPTY_A
179,2022-12-30,14,111790.882548,95209.181949,0.000000,143752.075282,CPTY_A
180,2023-01-13,14,99190.295088,82746.867723,0.000000,139750.156732,CPTY_A
181,2023-01-27,14,104937.563366,90570.949974,0.000000,144628.035859,CPTY_A
182,2023-02-10,14,103834.651728,87996.387877,0.000000,138242.043934,CPTY_A
183,2023-02-24,14,111339.535463,91990.194749,0.000000,142124.739986,CPTY_A
184,2023-03-10,14,114186.862746,93855.456952,0.000000,163060.003566,CPTY_A
185,2023-03-24,18,105146.018616,87763.111696,0.000000,144296.898493,CPTY_A
186,2023-04-11,10,109582.338049,91618.642695,0.000000,141735.032382,CPTY_A
187,2023-04-21,14,110008.076577,93709.047843,0.000000,146671.786047,CPTY_A
188,2023-05-05,14,104292.202446,88299.884252,0.000000,138607.720136,CPTY_A
189,2023-05-19,14,102729.372223,86268.612451,0.000000,137095.512173,CPTY_A
190,2023-06-02,14,107409.495068,91827.026071,0.000000,154001.981459,CPTY_A
191,2023-06-16,14,102804.836609,86870.065045,0.000000,137341.836504,CPTY_A
192,2023-06-30,14,102597.729174,87758.968847,0.000000,137644.504500,CPTY_A
193,2023-07-14,14,111177.237163,91946.830174,0.000000,156561.739032,CPTY_A
194,2023-07-28,14,114190.180634,95915.508436,0.000000,144671.355990,CPTY_A
195,2023-08-11,14,110155.738133,91665.238506,0.000000,156264.369445,CPTY_A
196,2023-08-25,14,108426.356788,88993.861993,0.000000,145851.981127,CPTY_A
197,2023-09-08,14,108992.653091,89449.861935,0.000000,147452.680329,CPTY_A
198,2023-09-22,14,111665.704810,91706.921709,0.000000,168419.595115,CPTY_A
199,2023-10-06,14,110294.789765,91728.329050,0.000000,148119.767539,CPTY_A
200,2023-10-20,14,106876.652336,92238.287670,0.000000,134465.170712,CPTY_A
201,2023-11-03,14,105976.257116,92407.924217,0.000000,161265.259583,CPTY_A
202,2023-11-17,14,105680.902504,88927.881654,0.000000,139921.022825,CPTY_A
203,2023-12-01,14,107865.359078,91844.637433,0.000000,167229.357703,CPTY_A
204,2023-12-15,14,106353.782070,92398.286064,0.000000,152258.882897,CPTY_A
205,2023-12-29,14,104821.365550,92593.442201,0.000000,131050.713501,CPTY_A
206,2024-01-12,14,106525.697274,92583.339087,0.000000,131409.311628,CPTY_A
207,2024-01-26,14,103621.311315,89055.549730,0.000000,126930.499931,CPTY_A
208,2024-02-09,14,104803.580596,91959.224115,0.000000,131563.738847,CPTY_A
209,2024-02-23,14,107662.817944,92739.132086,0.000000,149558.190701,CPTY_A
210,2024-03-08,14,107787.207311,93027.525854,0.000000,141084.427919,CPTY_A
211,2024-03-22,14,109064.725764,93538.474883,0.000000,137823.602453,CPTY_A
212,2024-04-05,14,106275.558602,92432.839685,0.000000,133522.800937,CPTY_A
213,2024-04-19,14,104492.601240,88948.324297,0.000000,133139.548537,CPTY_A
214,2024-05-03,14,103054.428287,88384.664258,0.000000,126602.989068,CPTY_A
215,2024-05-17,14,106267.192423,89876.229738,0.000000,127225.417858,CPTY_A
216,2024-05-31,14,110611.254181,94338.826858,0.000000,155306.434262,CPTY_A
217,2024-06-14,14,109587.897025,93888.132466,0.000000,151215.546267,CPTY_A
218,2024-06-28,14,106710.702229,92094.759713,0.000000,165031.794839,CPTY_A
219,2024-07-12,14,111504.749102,95558.969862,0.000000,164062.254891,CPTY_A
220,2024-07-26,14,92899.047302,81168.910522,0.000000,121772.518455,CPTY_A
221,2024-08-09,14,119115.685655,102712.351930,0.000000,165801.109715,CPTY_A
222,2024-08-23,14,111285.170144,91189.564523,0.000000,168376.177046,CPTY_A
223,2024-09-06,14,106761.866777,92068.410001,0.000000,148449.320972,CPTY_A
224,2024-09-20,14,103747.010103,93310.721972,0.000000,112410.188597,CPTY_A
225,2024-10-04,14,106471.904424,88196.616250,0.000000,130776.081547,CPTY_A
226,2024-10-18,14,108026.650810,94434.562918,0.000000,162836.258726,CPTY_A
227,2024-11-01,14,106044.330774,91113.507606,0.000000,133660.403398,CPTY_A
228,2024-11-15,14,106395.874175,92989.338379,0.000000,134835.034578,CPTY_A
229,2024-11-29,14,108343.097369,94206.207608,0.000000,144091.942405,CPTY_A
230,2024-12-13,14,105390.733715,92879.210256,0.000000,148109.358935,CPTY_A
231,2024-12-27,14,109975.324725,93050.195095,0.000000,150235.988182,CPTY_A
232,2025-01-10,14,102676.045472,92617.525772,0.000000,142658.037566,CPTY_A
233,2025-01-24,14,108755.351988,94774.764168,0.000000,154618.478290,CPTY_A
234,2025-02-07,14,106682.811430,96362.485149,0.000000,154007.438474,CPTY_A
235,2025-02-21,14,109282.815391,97782.640886,0.000000,146646.979757,CPTY_A
236,2025-03-07,14,112684.469930,97766.613509,0.000000,156700.077071,CPTY_A
237,2025-03-21,14,109819.235824,96397.153529,0.000000,147271.573239,CPTY_A
238,2025-04-04,18,100970.062806,88831.327479,0.000000,132660.984363,CPTY_A
239,2025-04-22,10,110563.613864,95631.196725,0.000000,151003.280684,CPTY_A
240,2025-05-02,14,105954.902990,94385.788749,0.000000,138375.941093,CPTY_A
241,2025-05-16,14,107325.438106,97043.429333,0.000000,148135.733665,CPTY_A
242,2025-05-30,14,104110.581547,92144.907632,0.000000,130949.381142,CPTY_A
243,2025-06-13,14,107238.101435,95723.003103,0.000000,148574.791880,CPTY_A
244,2025-06-27,14,106130.399947,92337.734570,0.000000,163652.282218,CPTY_A
245,2025-07-11,14,109137.017271,95792.683011,0.000000,150378.136460,CPTY_A
246,2025-07-25,14,108873.990804,98336.097370,0.000000,149131.185965,CPTY_A
247,2025-08-08,14,108348.044491,96169.531548,0.000000,147530.412424,CPTY_A
248,2025-08-22,14,112586.586323,99820.021531,0.000000,154436.367159,CPTY_A
249,2025-09-05,14,106762.762380,97728.792323,0.000000,160555.305359,CPTY_A
250,2025-09-19,14,105687.679779,94334.696203,0.000000,142114.959502,CPTY_A
251,2025-10-03,14,113207.525022,100771.078748,0.000000,151775.915383,CPTY_A
252,2025-10-17,14,113804.020676,102341.405633,0.000000,153718.125782,CPTY_A
253,2025-10-31,14,107802.750081,97627.897600,0.000000,136180.312406,CPTY_A
254,2025-11-14,14,107360.867443,95115.403142,0.000000,154807.798900,CPTY_A
255,2025-11-28,14,113699.422681,100297.265801,0.000000,160669.518803,CPTY_A
256,2025-12-12,17,111166.013893,98407.076090,0.000000,152975.727705,CPTY_A
257,2025-12-29,11,114618.383906,104697.473356,0.000000,157119.062467,CPTY_A
258,2026-01-09,14,106031.353734,100356.164610,0.000000,136896.273725,CPTY_A
259,2026-01-23,14,117732.828927,105666.763657,0.000000,163541.390334,CPTY_A
260,2026-02-06,14,108840.383227,98275.627912,0.000000,163558.251029,CPTY_A
261,2026-02-20,14,109182.699863,101142.278208,0.000000,154855.828209,CPTY_A
262,2026-03-06,14,109657.095572,101800.928745,0.000000,139540.097898,CPTY_A
263,2026-03-20,18,109112.281696,102556.903572,0.000000,156882.678945,CPTY_A
264,2026-04-07,10,116513.666230,105864.431066,0.000000,145326.284490,CPTY_A
265,2026-04-17,18,120251.536870,108581.149049,0.000000,158033.712958,CPTY_A
266,2026-05-05,10,124671.167822,113409.206920,0.000000,140677.943451,CPTY_A
267,2026-05-15,14,115923.466293,105358.449174,0.000000,157686.870370,CPTY_A
268,2026-05-29,14,115849.544168,105155.776349,0.000000,144016.755568,CPTY_A
269,2026-06-12,14,111721.551714,105574.317008,0.000000,168356.804518,CPTY_A
270,2026-06-26,14,110574.757205,102177.549343,0.000000,135939.246084,CPTY_A
271,2026-07-10,14,112917.669064,103739.977822,0.000000,145435.937116,CPTY_A
272,2026-07-24,14,110098.532567,103193.928070,0.000000,137924.233902,CPTY_A
273,2026-08-07,14,114265.035727,105302.011517,0.000000,165858.844510,CPTY_A
274,2026-08-21,14,109788.031841,102907.266791,0.000000,139229.799399,CPTY_A
275,2026-09-04,14,108934.431635,99563.091972,0.000000,147403.945190,CPTY_A
276,2026-09-18,14,106473.194591,97263.438919,0.000000,141244.115447,CPTY_A
277,2026-10-02,14,110733.414280,104420.739236,0.000000,154829.630816,CPTY_A
278,2026-10-16,14,112109.875197,104388.601230,0.000000,159490.886314,CPTY_A
279,2026-10-30,14,103792.187257,97635.543161,0.000000,151664.286289,CPTY_A
280,2026-11-13,14,105481.080831,100782.559874,0.000000,152713.925725,CPTY_A
281,2026-11-27,14,109513.901667,102756.442225,0.000000,133013.538784,CPTY_A
282,2026-12-11,18,106398.870624,100866.743582,0.000000,126180.790159,CPTY_A
283,2026-12-29,10,105545.309220,99963.603345,0.000000,122048.393399,CPTY_A
284,2027-01-08,14,103513.297209,97464.556171,0.000000,130496.942021,CPTY_A
285,2027-01-22,14,104509.651197,99305.294375,0.000000,134850.048966,CPTY_A
286,2027-02-05,14,105468.802892,98116.170574,0.000000,136725.018010,CPTY_A
287,2027-02-19,14,103136.091938,95608.767675,-10867.104306,127674.994979,CPTY_A
288,2027-03-05,14,98638.750801,91920.215399,0.000000,149548.385740,CPTY_A
289,2027-03-19,14,101243.710690,92705.884052,0.000000,143549.422450,CPTY_A
290,2027-04-02,14,102984.953427,95530.738283,0.000000,131969.229093,CPTY_A
291,2027-04-16,14,100394.747487,95520.167226,0.000000,135981.756800,CPTY_A
292,2027-04-30,14,98879.305281,91693.106545,0.000000,135570.217034,CPTY_A
293,2027-05-14,14,107589.224757,99153.661455,0.000000,149080.078088,CPTY_A
294,2027-05-28,14,88716.120661,84531.741607,0.000000,120801.115803,CPTY_A
295,2027-06-11,14,93505.428164,87612.222584,0.000000,124580.482464,CPTY_A
296,2027-06-25,14,99127.819559,92127.084213,0.000000,132859.985369,CPTY_A
297,2027-07-09,14,98731.666062,92954.372741,0.000000,132780.468931,CPTY_A
298,2027-07-23,14,99271.935881,88441.365232,0.000000,132440.322076,CPTY_A
299,2027-08-06,14,99455.750762,95536.384767,0.000000,130579.711228,CPTY_A
300,2027-08-20,14,98433.223691,92446.153672,-11194.837768,130922.570270,CPTY_A
301,2027-09-03,14,96061.379049,91741.158767,0.000000,127217.430866,CPTY_A
302,2027-09-17,14,88312.105607,85125.612022,0.000000,110475.595439,CPTY_A
303,2027-10-01,14,90708.317572,86253.944655,0.000000,120472.937099,CPTY_A
304,2027-10-15,14,92475.648682,87042.864877,0.000000,115412.700256,CPTY_A
305,2027-10-29,14,95277.373635,91876.104639,0.000000,121863.296222,CPTY_A
306,2027-11-12,14,87607.057166,79241.943378,0.000000,119835.488062,CPTY_A
307,2027-11-26,14,94135.715758,92395.131782,0.000000,110543.090446,CPTY_A
308,2027-12-10,19,91516.875588,87635.233942,0.000000,118992.167328,CPTY_A
309,2027-12-29,9,89901.781191,86391.138584,0.000000,121096.965114,CPTY_A
310,2028-01-07,14,91058.209892,84920.035093,0.000000,123845.220966,CPTY_A
311,2028-01-21,14,90260.517873,86954.452994,0.000000,113977.920587,CPTY_A
312,2028-02-04,14,88124.975481,83832.466216,0.000000,114528.753623,CPTY_A
313,2028-02-18,14,91412.589232,85325.820983,61321.260471,114903.467842,CPTY_A
314,2028-03-03,14,86336.607719,81896.808786,0.000000,118839.198125,CPTY_A
315,2028-03-17,14,85312.356491,81149.049617,0.000000,123337.645082,CPTY_A
316,2028-03-31,18,83930.762184,80025.661541,0.000000,112761.293442,CPTY_A
317,2028-04-18,10,85627.936085,82218.807921,0.000000,115045.407162,CPTY_A
318,2028-04-28,14,83073.343443,79678.202995,0.000000,111595.604325,CPTY_A
319,2028-05-12,14,98079.866871,95721.923412,0.000000,132779.293325,CPTY_A
320,2028-05-26,14,70166.054173,68884.902733,0.000000,92333.181182,CPTY_A
321,2028-06-09,14,84233.026086,82139.584592,0.000000,119286.774404,CPTY_A
322,2028-06-23,14,83067.009225,79513.936598,0.000000,115682.185977,CPTY_A
323,2028-07-07,14,79809.440531,77367.852417,0.000000,110657.172751,CPTY_A
324,2028-07-21,14,81957.727673,79787.857414,0.000000,112047.492892,CPTY_A
325,2028-08-04,14,87781.067371,84956.076646,0.000000,117283.465043,CPTY_A
326,2028-08-18,14,84925.429693,82230.382009,-11847.999493,120245.702786,CPTY_A
327,2028-09-01,14,74945.208423,71128.483183,0.000000,109756.180174,CPTY_A
328,2028-09-15,14,81253.878907,76810.116397,0.000000,103460.977609,CPTY_A
329,2028-09-29,14,75690.319303,71597.527799,0.000000,102079.296125,CPTY_A
330,2028-10-13,14,80042.883626,80218.003636,0.000000,102952.442949,CPTY_A
331,2028-10-27,17,77742.154693,74683.624078,0.000000,104242.468672,CPTY_A
332,2028-11-13,11,78574.387670,76564.077597,0.000000,104205.427191,CPTY_A
333,2028-11-24,14,81027.418929,76957.979559,0.000000,103549.190810,CPTY_A
334,2028-12-08,14,77202.151297,72690.584581,0.000000,109826.827645,CPTY_A
335,2028-12-22,14,76189.004801,74685.209077,0.000000,101439.271144,CPTY_A
336,2029-01-05,14,76585.395156,73413.552678,0.000000,94708.677957,CPTY_A
337,2029-01-19,14,77341.567424,75386.736255,0.000000,104482.689097,CPTY_A
338,2029-02-02,14,79003.523728,78221.391018,0.000000,99799.698769,CPTY_A
339,2029-02-16,14,81762.772223,79632.976639,60304.439154,115734.671628,CPTY_A
340,2029-03-02,14,71843.873310,71498.692681,0.000000,100177.861696,CPTY_A
341,2029-03-16,18,74118.353689,72237.969062,0.000000,97311.449111,CPTY_A
342,2029-04-03,10,67845.791240,66996.386146,0.000000,87539.695183,CPTY_A
343,2029-04-13,14,70135.884969,68744.524223,0.000000,95284.573215,CPTY_A
344,2029-04-27,14,71753.662277,71069.814971,0.000000,95226.540620,CPTY_A
345,2029-05-11,14,72287.977080,69335.000950,0.000000,103035.717373,CPTY_A
346,2029-05-25,14,71452.843465,69353.663709,0.000000,96316.313727,CPTY_A
347,2029-06-08,14,70845.141383,68794.331710,0.000000,94965.918405,CPTY_A
348,2029-06-22,14,75430.124413,73443.035949,0.000000,99357.448245,CPTY_A
349,2029-07-06,14,71325.234018,69345.672860,0.000000,92742.212438,CPTY_A
350,2029-07-20,14,72109.099062,71221.624440,0.000000,88470.541411,CPTY_A
351,2029-08-03,14,69294.626268,69174.877497,0.000000,98578.588993,CPTY_A
352,2029-08-17,14,73185.831064,70299.126948,0.000000,98132.256988,CPTY_A
353,2029-08-31,14,64789.277028,62319.322825,-12101.029154,84765.484386,CPTY_A
354,2029-09-14,14,67602.366281,66771.386326,0.000000,85769.321984,CPTY_A
355,2029-09-28,14,66905.400737,64463.085466,0.000000,84680.580899,CPTY_A
356,2029-10-12,14,66001.747750,65668.332032,0.000000,86602.074858,CPTY_A
357,2029-10-26,14,66763.445125,66469.367566,0.000000,87518.635313,CPTY_A
358,2029-11-09,14,66497.670909,65670.744677,0.000000,88870.216418,CPTY_A
359,2029-11-23,14,65003.404699,62689.553178,0.000000,78835.880485,CPTY_A
360,2029-12-07,14,65001.712986,64842.101590,0.000000,91475.265463,CPTY_A
361,2029-12-21,14,66453.138844,65651.612297,0.000000,81403.761726,CPTY_A
362,2030-01-04,14,65168.117204,64853.956913,0.000000,84426.536681,CPTY_A
363,2030-01-18,14,66821.544974,65891.861169,0.000000,83725.286692,CPTY_A
364,2030-02-01,14,64527.468919,64698.995664,0.000000,83975.606719,CPTY_A
365,2030-02-15,14,62724.356726,60496.028526,59885.570406,87389.020961,CPTY_A
366,2030-03-01,14,62343.045914,63497.436124,0.000000,82111.780668,CPTY_A
367,2030-03-15,14,59817.934416,57782.576788,0.000000,76580.147159,CPTY_A
368,2030-03-29,14,57943.503923,57203.561664,0.000000,76248.153538,CPTY_A
369,2030-04-12,14,59464.256112,58515.418052,0.000000,81736.489987,CPTY_A
370,2030-04-26,14,58867.607628,59109.274465,0.000000,78943.719002,CPTY_A
371,2030-05-10,14,58408.740909,58809.312032,0.000000,77898.628230,CPTY_A
372,2030-05-24,14,58924.841252,60073.073526,0.000000,74374.655083,CPTY_A
373,2030-06-07,14,58034.505820,58527.106837,0.000000,88229.182116,CPTY_A
374,2030-06-21,14,58533.332310,58404.680240,0.000000,81280.622880,CPTY_A
375,2030-07-05,14,57271.791526,57685.220664,0.000000,71013.843275,CPTY_A
376,2030-07-19,14,58874.803341,58496.647992,0.000000,82569.836114,CPTY_A
377,2030-08-02,14,58266.038221,59378.282862,0.000000,72580.507632,CPTY_A
378,2030-08-16,14,60205.281885,60805.571247,0.000000,82752.627823,CPTY_A
379,2030-08-30,14,54206.701654,55227.922531,-11959.174242,70917.922516,CPTY_A
380,2030-09-13,14,53009.456958,53770.419012,0.000000,67626.446830,CPTY_A
381,2030-09-27,14,51242.498311,51544.667571,0.000000,62772.044658,CPTY_A
382,2030-10-11,14,53343.794221,52923.819800,0.000000,74300.681791,CPTY_A
383,2030-10-25,14,52293.268380,52653.100028,0.000000,71488.852732,CPTY_A
384,2030-11-08,14,53514.994040,54047.793306,0.000000,65306.151623,CPTY_A
385,2030-11-22,14,54742.994525,55361.386865,0.000000,72996.389890,CPTY_A
386,2030-12-06,14,54313.204241,54596.672392,0.000000,71790.531873,CPTY_A
387,2030-12-20,14,52336.235089,53420.747479,0.000000,65938.021788,CPTY_A
388,2031-01-03,14,53082.761586,53866.796711,0.000000,74041.455282,CPTY_A
389,2031-01-17,14,53240.272222,53732.353916,0.000000,71619.629161,CPTY_A
390,2031-01-31,14,50727.976347,51624.627827,0.000000,61875.333638,CPTY_A
391,2031-02-14,14,52872.944042,53435.605695,0.000000,66929.962677,CPTY_A
392,2031-02-28,14,48980.888805,49640.678277,59051.120531,68142.386288,CPTY_A
393,2031-03-14,14,48959.479520,50253.378451,0.000000,64623.014232,CPTY_A
394,2031-03-28,18,44693.267785,45980.743195,0.000000,58239.202353,CPTY_A
395,2031-04-15,10,46558.846519,46644.933054,0.000000,58155.771451,CPTY_A
396,2031-04-25,14,48843.197112,49700.535666,0.000000,68514.340262,CPTY_A
397,2031-05-09,14,47246.319856,48616.871084,0.000000,56191.625100,CPTY_A
398,2031-05-23,14,47834.318694,47713.977478,0.000000,64147.869784,CPTY_A
399,2031-06-06,14,49025.117787,49923.498622,0.000000,65715.137410,CPTY_A
400,2031-06-20,17,45580.474599,46638.583064,0.000000,64554.150800,CPTY_A
401,2031-07-07,11,48126.487848,48989.625860,0.000000,72179.618539,CPTY_A
402,2031-07-18,17,46685.063051,48005.708673,0.000000,62862.712574,CPTY_A
403,2031-08-04,11,47112.613610,48670.728391,0.000000,62703.562942,CPTY_A
404,2031-08-15,14,46961.473934,48222.461927,0.000000,61680.946219,CPTY_A
405,2031-08-29,14,41204.519366,41883.154175,-12191.391485,55626.589956,CPTY_A
406,2031-09-12,14,41171.311651,42336.432272,0.000000,56768.693546,CPTY_A
407,2031-09-26,14,42159.785626,42405.966616,0.000000,54262.277432,CPTY_A
408,2031-10-10,14,39132.897265,40374.687855,0.000000,56473.227831,CPTY_A
409,2031-10-24,14,40814.032185,41861.462450,0.000000,61056.755532,CPTY_A
410,2031-11-07,14,42542.784492,43091.765445,0.000000,55282.785699,CPTY_A
411,2031-11-21,14,43044.400417,43999.030318,0.000000,58353.301393,CPTY_A
412,2031-12-05,14,41114.462782,42687.393309,0.000000,60414.443321,CPTY_A
413,2031-12-19,17,41860.650317,42576.576478,0.000000,53487.230159,CPTY_A
414,2032-01-05,11,42324.110728,43571.658374,0.000000,53801.637788,CPTY_A
415,2032-01-16,14,42825.295966,43577.902285,0.000000,57311.660825,CPTY_A
416,2032-01-30,14,42434.037720,43772.352850,0.000000,52785.207091,CPTY_A
417,2032-02-13,14,42198.726318,43167.923914,0.000000,56664.669553,CPTY_A
418,2032-02-27,14,36527.019314,37753.905825,57362.749799,47749.737581,CPTY_A
419,2032-03-12,18,35861.507801,37072.233662,0.000000,50939.700511,CPTY_A
420,2032-03-30,10,35962.766044,37316.698872,0.000000,49447.002872,CPTY_A
421,2032-04-09,14,36367.039870,37779.279674,0.000000,50433.143291,CPTY_A
422,2032-04-23,14,35559.553076,36726.200884,0.000000,49507.244066,CPTY_A
423,2032-05-07,14,36718.723754,38105.412799,0.000000,47856.390061,CPTY_A
424,2032-05-21,14,35086.956467,36734.287021,0.000000,45755.300751,CPTY_A
425,2032-06-04,14,36805.810214,38311.035562,0.000000,45851.136760,CPTY_A
426,2032-06-18,14,35639.101698,36744.503267,0.000000,45172.210791,CPTY_A
427,2032-07-02,14,34404.307361,35828.272842,0.000000,41289.238155,CPTY_A
428,2032-07-16,14,35858.384600,36762.345509,0.000000,48768.827162,CPTY_A
429,2032-07-30,14,37107.731071,38037.322265,0.000000,49144.732605,CPTY_A
430,2032-08-13,14,34694.943802,36256.402879,0.000000,44199.903323,CPTY_A
431,2032-08-27,14,35608.834566,36310.060027,-12877.110318,46276.177941,CPTY_A
432,2032-09-10,14,30756.735265,32136.302576,0.000000,37396.857813,CPTY_A
433,2032-09-24,14,30182.598574,31240.661653,0.000000,38474.988310,CPTY_A
434,2032-10-08,14,31827.017091,33202.147003,0.000000,42960.566625,CPTY_A
435,2032-10-22,14,29743.923798,31028.147272,0.000000,36199.281686,CPTY_A
436,2032-11-05,14,30394.244178,31736.421614,0.000000,39971.214898,CPTY_A
437,2032-11-19,14,30138.764051,31656.099919,0.000000,38251.648760,CPTY_A
438,2032-12-03,14,30865.509943,32235.874873,0.000000,41244.352406,CPTY_A
439,2032-12-17,18,31385.394640,32930.771192,0.000000,39530.556348,CPTY_A
440,2033-01-04,10,29423.019153,30834.986590,0.000000,36447.672584,CPTY_A
441,2033-01-14,14,31265.544775,32911.255163,0.000000,40020.544735,CPTY_A
442,2033-01-28,14,30267.785702,31740.564303,0.000000,41641.757180,CPTY_A
443,2033-02-11,14,31259.359178,32878.440703,0.000000,42080.209322,CPTY_A
444,2033-02-25,14,31094.739859,32740.133139,56436.988768,37985.828263,CPTY_A
445,2033-03-11,14,27532.400900,28862.243328,0.000000,35558.213861,CPTY_A
446,2033-03-25,14,23034.675442,24433.501322,0.000000,30798.535665,CPTY_A
447,2033-04-08,14,25441.911332,26738.128417,0.000000,33825.189599,CPTY_A
448,2033-04-22,14,24691.349566,25909.746609,0.000000,35144.950422,CPTY_A
449,2033-05-06,14,24619.861748,25898.806471,0.000000,32389.365534,CPTY_A
450,2033-05-20,14,25027.137056,26379.297051,0.000000,32145.009894,CPTY_A
451,2033-06-03,14,26545.548509,27699.149589,0.000000,36426.339627,CPTY_A
452,2033-06-17,14,25253.447845,26772.376329,0.000000,34052.469378,CPTY_A
453,2033-07-01,14,23746.544007,24869.294817,0.000000,29721.049448,CPTY_A
454,2033-07-15,14,25686.694534,27134.655824,0.000000,32422.434234,CPTY_A
455,2033-07-29,14,25224.079967,26352.467280,0.000000,33297.955802,CPTY_A
456,2033-08-12,14,23819.291053,25302.961396,0.000000,32499.060445,CPTY_A
457,2033-08-26,14,24282.810853,25779.314661,-13379.352601,30936.562183,CPTY_A
458,2033-09-09,14,20216.771239,21364.278391,0.000000,28280.181742,CPTY_A
459,2033-09-23,14,19932.655924,21103.223276,0.000000,26559.075849,CPTY_A
460,2033-10-07,14,19448.077077,20630.260151,0.000000,26933.524435,CPTY_A
461,2033-10-21,14,19209.639561,20437.594125,0.000000,25218.387775,CPTY_A
462,2033-11-04,14,19857.506658,21146.383636,0.000000,27736.711730,CPTY_A
463,2033-11-18,14,19992.656991,21184.910381,0.000000,26884.220582,CPTY_A
464,2033-12-02,14,19985.143638,21272.787198,0.000000,27373.706628,CPTY_A
465,2033-12-16,14,20212.046833,21515.816774,0.000000,27143.001939,CPTY_A
466,2033-12-30,14,19536.999382,20755.780463,0.000000,26399.979584,CPTY_A
467,2034-01-13,14,19893.543229,21096.942780,0.000000,24609.858653,CPTY_A
468,2034-01-27,14,21268.395737,22620.819181,0.000000,28172.479068,CPTY_A
469,2034-02-10,14,20447.023991,21710.089114,0.000000,28986.613993,CPTY_A
470,2034-02-24,14,20084.130372,21424.089930,55831.566528,24370.915817,CPTY_A
471,2034-03-10,14,15018.792442,16017.785406,0.000000,19419.968191,CPTY_A
472,2034-03-24,18,14991.125169,16004.994001,0.000000,19275.247633,CPTY_A
473,2034-04-11,10,14662.810826,15638.860563,0.000000,18187.865402,CPTY_A
474,2034-04-21,14,14525.798330,15535.180435,0.000000,19646.508758,CPTY_A
475,2034-05-05,14,14175.265898,15161.998372,0.000000,17595.868755,CPTY_A
476,2034-05-19,14,15398.354389,16497.359722,0.000000,22141.216020,CPTY_A
477,2034-06-02,14,14309.126834,15350.595801,0.000000,17661.539367,CPTY_A
478,2034-06-16,14,14277.886575,15275.367083,0.000000,17437.984101,CPTY_A
479,2034-06-30,14,15291.418029,16396.892610,0.000000,20223.833713,CPTY_A
480,2034-07-14,14,14453.179145,15460.059413,0.000000,18751.483751,CPTY_A
481,2034-07-28,14,14483.983980,15537.814110,0.000000,18369.031898,CPTY_A
482,2034-08-11,14,14116.642824,15110.517177,0.000000,18810.951948,CPTY_A
483,2034-08-25,14,14226.605862,15230.486524,-13567.530118,18669.743123,CPTY_A
484,2034-09-08,14,10263.953554,11011.117023,0.000000,13712.987154,CPTY_A
485,2034-09-22,14,10227.651030,10985.175449,0.000000,14200.655892,CPTY_A
486,2034-10-06,14,9630.969009,10353.428267,0.000000,12681.128872,CPTY_A
487,2034-10-20,14,9936.746611,10678.560998,0.000000,12766.959196,CPTY_A
488,2034-11-03,14,9680.885548,10415.185492,0.000000,12467.612331,CPTY_A
489,2034-11-17,14,9944.149425,10705.265959,0.000000,12660.148845,CPTY_A
490,2034-12-01,14,10126.852959,10943.431366,0.000000,13128.693519,CPTY_A
491,2034-12-15,14,9689.051277,10440.444167,0.000000,13103.954586,CPTY_A
492,2034-12-29,14,9877.123018,10632.122463,0.000000,12910.990816,CPTY_A
493,2035-01-12,14,9981.244728,10764.431479,0.000000,12705.426209,CPTY_A
494,2035-01-26,14,10080.879256,10850.218648,0.000000,13053.834040,CPTY_A
495,2035-02-09,14,9907.317180,10697.740550,0.000000,13114.196405,CPTY_A
496,2035-02-23,14,9781.764546,10581.459653,54870.676441,12291.686259,CPTY_A
497,2035-03-09,18,4857.268326,5260.193654,0.000000,6448.128827,CPTY_A
498,2035-03-27,10,4896.782046,5322.245868,0.000000,6495.586863,CPTY_A
499,2035-04-06,14,4944.899211,5352.441888,0.000000,6925.111412,CPTY_A
500,2035-04-20,14,4842.254580,5239.487231,0.000000,7059.210171,CPTY_A
501,2035-05-04,14,4821.166133,5223.040892,0.000000,5856.645512,CPTY_A
502,2035-05-18,14,4817.877510,5217.905193,0.000000,6084.306524,CPTY_A
503,2035-06-01,14,4974.027791,5387.077922,0.000000,6687.788622,CPTY_A
504,2035-06-15,14,4751.742787,5141.461982,0.000000,6268.049864,CPTY_A
505,2035-06-29,14,4967.593923,5386.681464,0.000000,5840.210615,CPTY_A
506,2035-07-13,14,4817.690097,5235.625302,0.000000,5986.048259,CPTY_A
507,2035-07-27,14,4872.980896,5296.747733,0.000000,6614.775238,CPTY_A
508,2035-08-10,14,5088.094460,5521.344827,0.000000,6656.968852,CPTY_A
509,2035-08-24,14,4974.469415,5419.066616,-14130.462156,6886.407229,CPTY_A
510,2035-09-07,14,120.277890,119.407604,0.000000,110.648737,CPTY_A
511,2035-09-21,14,93.912829,93.506191,0.000000,92.983888,CPTY_A
512,2035-10-05,14,112.841100,112.243825,0.000000,101.266385,CPTY_A
513,2035-10-19,14,102.429360,102.398747,0.000000,105.081092,CPTY_A
514,2035-11-02,14,112.857134,117.084209,0.000000,65.057236,CPTY_A
515,2035-11-16,14,104.593300,105.171021,0.000000,80.139662,CPTY_A
516,2035-11-30,14,99.889759,100.051711,0.000000,75.241116,CPTY_A
517,2035-12-14,14,96.363575,94.978798,0.000000,70.512941,CPTY_A
518,2035-12-28,14,94.897003,93.754359,0.000000,67.708396,CPTY_A
519,2036-01-11,14,94.324856,93.216263,0.000000,68.844074,CPTY_A
520,2036-01-25,14,94.932202,93.990641,0.000000,63.531590,CPTY_A
521,2036-02-08,14,91.944407,90.604697,0.000000,61.914555,CPTY_A
522,2036-02-22,14,65.943366,65.228598,54730.798480,45.913318,CPTY_A
523,2036-03-07,14,0.000000,0.000000,0.000000,0.000000,CPTY_A
524,2036-03-21,14,0.000000,0.000000,0.000000,0.000000,CPTY_A
525,2036-04-04,14,0.000000,0.000000,0.000000,0.000000,CPTY_A
526,2036-04-18,14,0.000000,0.000000,0.000000,0.000000,CPTY_A
527,2036-05-02,14,0.000000,0.000000,0.000000,0.000000,CPTY_A
528,2036-05-16,14,0.000000,0.000000,0.000000,0.000000,CPTY_A
529,2036-05-30,14,0.000000,0.000000,0.000000,0.000000,CPTY_A
530,2036-06-13,14,0.000000,0.000000,0.000000,0.000000,CPTY_A
531,2036-06-27,14,0.000000,0.000000,0.000000,0.000000,CPTY_A
532,2036-07-11,14,0.000000,0.000000,0.000000,0.000000,CPTY_A
533,2036-07-25,14,0.000000,0.000000,0.000000,0.000000,CPTY_A
534,2036-08-08,14,0.000000,0.000000,0.000000,0.000000,CPTY_A
535,2036-08-22,14,0.000000,0.000000,0.000000,0.000000,CPTY_A
536,2036-09-05,14,0.000000,0.000000,0.000000,0.000000,CPTY_A
537,2036-09-19,14,0.000000,0.000000,0.000000,0.000000,CPTY_A
538,2036-10-03,14,0.000000,0.000000,0.000000,0.000000,CPTY_A
