#Sample,Regressor_0_EUR-EURIBOR-3M,RegressionDIM,LocalDIM,ExpectedDIM,ZeroOrderDIM,DeltaNPV,SimpleDIM
0,-0.026434,242239.055483,0.000000,98438.267871,98433.223691,143700.775428,130922.570270
1,-0.025956,241323.675955,0.000000,98438.267871,98433.223691,66609.481623,130922.570270
2,-0.025832,241086.717468,124414.135408,98438.267871,98433.223691,50056.284380,130922.570270
3,-0.022576,234750.640316,124357.164935,98438.267871,98433.223691,111503.968558,130922.570270
4,-0.020518,230655.493618,0.000000,98438.267871,98433.223691,-3956.941221,130922.570270
5,-0.020440,230498.811445,0.000000,98438.267871,98433.223691,-147081.215112,130922.570270
6,-0.020262,230142.500664,0.000000,98438.267871,98433.223691,85952.436507,130922.570270
7,-0.019027,227644.521840,0.000000,98438.267871,98433.223691,59759.002289,130922.570270
8,-0.018901,227387.567527,0.000000,98438.267871,98433.223691,330327.115378,130922.570270
9,-0.018642,226860.511543,0.000000,98438.267871,98433.223691,-131280.186022,130922.570270
10,-0.018490,226550.015295,0.000000,98438.267871,98433.223691,126493.077039,130922.570270
11,-0.018140,225832.347438,0.000000,98438.267871,98433.223691,-92885.780272,130922.570270
12,-0.017329,224163.718448,0.000000,98438.267871,98433.223691,-21375.510766,130922.570270
13,-0.016993,223469.508622,0.000000,98438.267871,98433.223691,-11139.275729,130922.570270
14,-0.016740,222944.417044,0.000000,98438.267871,98433.223691,-34892.051787,130922.570270
15,-0.016697,222855.714447,0.000000,98438.267871,98433.223691,-2283.826907,130922.570270
16,-0.016510,222466.060980,0.000000,98438.267871,98433.223691,1418.765857,130922.570270
17,-0.016248,221921.160101,124246.451969,98438.267871,98433.223691,-38703.920664,130922.570270
18,-0.016058,221523.839560,0.000000,98438.267871,98433.223691,-115963.271965,130922.570270
19,-0.015164,219648.173209,0.000000,98438.267871,98433.223691,-93557.010888,130922.570270
20,-0.014866,219018.313901,0.000000,98438.267871,98433.223691,-44909.250248,130922.570270
21,-0.014577,218406.953414,0.000000,98438.267871,98433.223691,213091.596622,130922.570270
22,-0.014413,218060.282120,0.000000,98438.267871,98433.223691,-41231.152518,130922.570270
23,-0.014406,218044.216916,0.000000,98438.267871,98433.223691,-132251.121145,130922.570270
24,-0.014065,217319.559443,0.000000,98438.267871,98433.223691,39740.450443,130922.570270
25,-0.013741,216628.016738,0.000000,98438.267871,98433.223691,94691.017514,130922.570270
26,-0.013674,216484.814266,0.000000,98438.267871,98433.223691,43535.542626,130922.570270
27,-0.013528,216171.704218,0.000000,98438.267871,98433.223691,-165076.974227,130922.570270
28,-0.013310,215705.518673,0.000000,98438.267871,98433.223691,-114019.973176,130922.570270
29,-0.013307,215697.976460,124194.987462,98438.267871,98433.223691,19629.278708,130922.570270
30,-0.012471,213897.489445,0.000000,98438.267871,98433.223691,34038.191373,130922.570270
31,-0.012181,213269.066313,0.000000,98438.267871,98433.223691,157043.890753,130922.570270
32,-0.011475,211729.556927,0.000000,98438.267871,98433.223691,99603.944245,130922.570270
33,-0.011254,211247.742881,0.000000,98438.267871,98433.223691,-37773.635239,130922.570270
34,-0.011022,210737.839413,0.000000,98438.267871,98433.223691,-35712.352960,130922.570270
35,-0.010841,210340.826480,0.000000,98438.267871,98433.223691,-66166.390025,130922.570270
36,-0.010386,209336.137503,0.000000,98438.267871,98433.223691,109731.723437,130922.570270
37,-0.010376,209314.817151,0.000000,98438.267871,98433.223691,40066.212450,130922.570270
38,-0.010163,208843.036948,124139.991478,98438.267871,98433.223691,11267.380060,130922.570270
39,-0.010036,208560.111188,0.000000,98438.267871,98433.223691,-93574.325955,130922.570270
40,-0.009958,208387.610408,0.000000,98438.267871,98433.223691,44996.674453,130922.570270
41,-0.009697,207807.803893,0.000000,98438.267871,98433.223691,112383.116626,130922.570270
42,-0.008693,205558.393033,0.000000,98438.267871,98433.223691,111465.865441,130922.570270
43,-0.008660,205483.644638,0.000000,98438.267871,98433.223691,-11529.138606,130922.570270
44,-0.008643,205444.939652,0.000000,98438.267871,98433.223691,-61084.386059,130922.570270
45,-0.008402,204901.505084,0.000000,98438.267871,98433.223691,86329.692588,130922.570270
46,-0.008244,204543.619679,0.000000,98438.267871,98433.223691,114030.504698,130922.570270
47,-0.008199,204442.268198,0.000000,98438.267871,98433.223691,-7000.637375,130922.570270
48,-0.008048,204101.009668,0.000000,98438.267871,98433.223691,-148147.002476,130922.570270
49,-0.007508,202870.793664,0.000000,98438.267871,98433.223691,-153760.854632,130922.570270
50,-0.007396,202615.028029,0.000000,98438.267871,98433.223691,-21635.529481,130922.570270
51,-0.007347,202503.799055,124090.712531,98438.267871,98433.223691,13037.410028,130922.570270
52,-0.006909,201500.679433,0.000000,98438.267871,98433.223691,-91285.710553,130922.570270
53,-0.006752,201140.294187,0.000000,98438.267871,98433.223691,-17354.522530,130922.570270
54,-0.006702,201024.757138,0.000000,98438.267871,98433.223691,-121010.186903,130922.570270
55,-0.006698,201014.079387,0.000000,98438.267871,98433.223691,171957.501554,130922.570270
56,-0.006637,200874.136943,0.000000,98438.267871,98433.223691,-4977.977299,130922.570270
57,-0.006375,200269.003950,0.000000,98438.267871,98433.223691,62052.756137,130922.570270
58,-0.006311,200121.292795,0.000000,98438.267871,98433.223691,-79370.090802,130922.570270
59,-0.006257,199997.091960,0.000000,98438.267871,98433.223691,-31141.432444,130922.570270
60,-0.006246,199971.798081,0.000000,98438.267871,98433.223691,-44265.228824,130922.570270
61,-0.006082,199591.071448,0.000000,98438.267871,98433.223691,-1260.408138,130922.570270
62,-0.005540,198329.080028,0.000000,98438.267871,98433.223691,177499.241067,130922.570270
63,-0.005534,198317.014221,124058.998339,98438.267871,98433.223691,-216452.702647,130922.570270
64,-0.005514,198269.292768,0.000000,98438.267871,98433.223691,-78019.049456,130922.570270
65,-0.005321,197817.802770,0.000000,98438.267871,98433.223691,-43904.011412,130922.570270
66,-0.005246,197641.662742,0.000000,98438.267871,98433.223691,36367.656714,130922.570270
67,-0.004914,196864.800363,0.000000,98438.267871,98433.223691,-116058.460475,130922.570270
68,-0.004765,196512.871228,0.000000,98438.267871,98433.223691,-50875.999396,130922.570270
69,-0.004728,196425.827625,0.000000,98438.267871,98433.223691,-115900.663782,130922.570270
70,-0.004392,195632.131352,0.000000,98438.267871,98433.223691,-93352.616591,130922.570270
71,-0.004129,195009.031048,0.000000,98438.267871,98433.223691,-20070.193725,130922.570270
72,-0.004062,194850.427809,0.000000,98438.267871,98433.223691,-85096.225067,130922.570270
73,-0.004042,194802.964364,0.000000,98438.267871,98433.223691,40427.091447,130922.570270
74,-0.003966,194620.821241,0.000000,98438.267871,98433.223691,32441.278535,130922.570270
75,-0.003915,194499.257312,0.000000,98438.267871,98433.223691,150337.335548,130922.570270
76,-0.003879,194413.926154,0.000000,98438.267871,98433.223691,74207.573887,130922.570270
77,-0.003871,194396.638824,0.000000,98438.267871,98433.223691,-31705.010825,130922.570270
78,-0.003838,194316.022464,0.000000,98438.267871,98433.223691,-193247.562108,130922.570270
79,-0.003787,194194.535166,124028.418259,98438.267871,98433.223691,149935.084309,130922.570270
80,-0.003767,194148.789706,0.000000,98438.267871,98433.223691,-26590.261956,130922.570270
81,-0.003683,193948.055950,0.000000,98438.267871,98433.223691,-122172.784865,130922.570270
82,-0.003681,193942.771314,0.000000,98438.267871,98433.223691,52448.490529,130922.570270
83,-0.003604,193757.538981,0.000000,98438.267871,98433.223691,-26883.128815,130922.570270
84,-0.003505,193521.711619,0.000000,98438.267871,98433.223691,-40739.369621,130922.570270
85,-0.003296,193022.367422,124019.840479,98438.267871,98433.223691,-23206.121882,130922.570270
86,-0.003285,192995.694396,0.000000,98438.267871,98433.223691,-146174.411509,130922.570270
87,-0.003052,192434.562513,0.000000,98438.267871,98433.223691,-80469.200214,130922.570270
88,-0.002787,191797.924939,0.000000,98438.267871,98433.223691,66699.565890,130922.570270
89,-0.002720,191635.230416,124009.756639,98438.267871,98433.223691,-22172.318273,130922.570270
90,-0.002689,191561.234901,0.000000,98438.267871,98433.223691,-37559.375324,130922.570270
91,-0.002590,191320.618746,0.000000,98438.267871,98433.223691,-103463.829049,130922.570270
92,-0.002548,191220.251882,0.000000,98438.267871,98433.223691,94573.859408,130922.570270
93,-0.002451,190983.970511,124005.047358,98438.267871,98433.223691,72589.593748,130922.570270
94,-0.001702,189160.032351,0.000000,98438.267871,98433.223691,-15090.515175,130922.570270
95,-0.001517,188706.583023,0.000000,98438.267871,98433.223691,71157.230599,130922.570270
96,-0.001291,188152.154321,0.000000,98438.267871,98433.223691,-17594.606681,130922.570270
97,-0.001278,188118.666211,0.000000,98438.267871,98433.223691,-54418.673626,130922.570270
98,-0.001068,187601.641269,0.000000,98438.267871,98433.223691,158905.647779,130922.570270
99,-0.001013,187465.770227,0.000000,98438.267871,98433.223691,-56698.142331,130922.570270
100,-0.000967,187351.999659,0.000000,98438.267871,98433.223691,80544.981214,130922.570270
101,-0.000808,186958.495210,0.000000,98438.267871,98433.223691,-57702.812809,130922.570270
102,-0.000797,186931.707781,0.000000,98438.267871,98433.223691,36884.530515,130922.570270
103,-0.000780,186889.244044,123975.805354,98438.267871,98433.223691,28083.229624,130922.570270
104,-0.000503,186202.860836,0.000000,98438.267871,98433.223691,107135.173971,130922.570270
105,-0.000439,186043.459244,123969.844216,98438.267871,98433.223691,4046.827950,130922.570270
106,-0.000367,185863.072138,0.000000,98438.267871,98433.223691,78501.470925,130922.570270
107,-0.000266,185611.584408,0.000000,98438.267871,98433.223691,78873.272733,130922.570270
108,-0.000203,185454.068235,0.000000,98438.267871,98433.223691,65123.831556,130922.570270
109,-0.000057,185090.534213,0.000000,98438.267871,98433.223691,-132833.993471,130922.570270
110,0.000043,184840.059327,0.000000,98438.267871,98433.223691,-91413.956273,130922.570270
111,0.000101,184694.688426,0.000000,98438.267871,98433.223691,-121039.086809,130922.570270
112,0.000137,184604.889837,0.000000,98438.267871,98433.223691,46890.179101,130922.570270
113,0.000157,184553.959016,0.000000,98438.267871,98433.223691,39421.745906,130922.570270
114,0.000232,184366.295942,0.000000,98438.267871,98433.223691,-6765.224674,130922.570270
115,0.000341,184092.441134,0.000000,98438.267871,98433.223691,-53642.116271,130922.570270
116,0.000386,183977.812587,0.000000,98438.267871,98433.223691,-72594.565346,130922.570270
117,0.000388,183974.429048,0.000000,98438.267871,98433.223691,-41431.491404,130922.570270
118,0.000595,183451.505506,123951.744301,98438.267871,98433.223691,0.000000,130922.570270
119,0.000614,183403.542811,0.000000,98438.267871,98433.223691,25409.040690,130922.570270
120,0.000730,183111.645239,0.000000,98438.267871,98433.223691,-96767.074377,130922.570270
121,0.000739,183088.105955,0.000000,98438.267871,98433.223691,-25256.935842,130922.570270
122,0.000743,183078.660541,0.000000,98438.267871,98433.223691,-46441.658333,130922.570270
123,0.000749,183062.881728,123949.052377,98438.267871,98433.223691,52311.239101,130922.570270
124,0.000757,183043.706366,0.000000,98438.267871,98433.223691,-80566.747310,130922.570270
125,0.000786,182968.573738,0.000000,98438.267871,98433.223691,-29211.231513,130922.570270
126,0.000787,182966.164580,0.000000,98438.267871,98433.223691,24426.281941,130922.570270
127,0.001123,182114.571829,0.000000,98438.267871,98433.223691,-96633.901189,130922.570270
128,0.001274,181730.293342,0.000000,98438.267871,98433.223691,-90345.671213,130922.570270
129,0.001290,181690.283136,0.000000,98438.267871,98433.223691,29774.900238,130922.570270
130,0.001382,181454.305702,0.000000,98438.267871,98433.223691,77602.777918,130922.570270
131,0.001469,181232.629336,0.000000,98438.267871,98433.223691,64851.226797,130922.570270
132,0.001611,180870.550251,0.000000,98438.267871,98433.223691,-151111.684743,130922.570270
133,0.001736,180550.478943,0.000000,98438.267871,98433.223691,49333.222023,130922.570270
134,0.001799,180389.118581,0.000000,98438.267871,98433.223691,-44108.400722,130922.570270
135,0.001827,180316.065267,0.000000,98438.267871,98433.223691,66577.931901,130922.570270
136,0.001841,180279.617578,0.000000,98438.267871,98433.223691,-33370.378651,130922.570270
137,0.001851,180254.345809,0.000000,98438.267871,98433.223691,-84723.602918,130922.570270
138,0.001928,180055.981033,0.000000,98438.267871,98433.223691,84711.838508,130922.570270
139,0.001943,180017.397290,0.000000,98438.267871,98433.223691,46943.374179,130922.570270
140,0.002001,179870.287763,0.000000,98438.267871,98433.223691,-27720.813885,130922.570270
141,0.002012,179841.313484,123926.956889,98438.267871,98433.223691,-61012.097896,130922.570270
142,0.002045,179755.649723,0.000000,98438.267871,98433.223691,15566.665727,130922.570270
143,0.002058,179722.232799,0.000000,98438.267871,98433.223691,-7264.510246,130922.570270
144,0.002114,179578.778334,0.000000,98438.267871,98433.223691,-119801.715862,130922.570270
145,0.002122,179557.245116,0.000000,98438.267871,98433.223691,18602.043650,130922.570270
146,0.002281,179146.441860,0.000000,98438.267871,98433.223691,26259.467625,130922.570270
147,0.002299,179101.013963,0.000000,98438.267871,98433.223691,-50946.472016,130922.570270
148,0.002305,179085.808801,0.000000,98438.267871,98433.223691,-22431.738872,130922.570270
149,0.002384,178880.333403,0.000000,98438.267871,98433.223691,-36243.486937,130922.570270
150,0.002401,178837.777296,0.000000,98438.267871,98433.223691,42699.284863,130922.570270
151,0.002410,178814.513408,0.000000,98438.267871,98433.223691,103313.490897,130922.570270
152,0.002547,178457.858973,0.000000,98438.267871,98433.223691,130484.135759,130922.570270
153,0.002548,178455.983859,0.000000,98438.267871,98433.223691,-32260.852182,130922.570270
154,0.002630,178242.775978,0.000000,98438.267871,98433.223691,212100.851308,130922.570270
155,0.002662,178160.008583,0.000000,98438.267871,98433.223691,-87151.157398,130922.570270
156,0.002726,177993.905410,0.000000,98438.267871,98433.223691,-95155.775197,130922.570270
157,0.002773,177870.169807,0.000000,98438.267871,98433.223691,-91034.475706,130922.570270
158,0.002886,177577.055932,0.000000,98438.267871,98433.223691,-112152.760584,130922.570270
159,0.002904,177531.439074,0.000000,98438.267871,98433.223691,7825.447546,130922.570270
160,0.002922,177482.264357,0.000000,98438.267871,98433.223691,5953.481338,130922.570270
161,0.002937,177444.902441,0.000000,98438.267871,98433.223691,112925.746179,130922.570270
162,0.003209,176732.636388,0.000000,98438.267871,98433.223691,-97252.435632,130922.570270
163,0.003230,176677.416804,0.000000,98438.267871,98433.223691,97095.133066,130922.570270
164,0.003426,176163.549957,0.000000,98438.267871,98433.223691,214480.649822,130922.570270
165,0.003433,176145.069049,123902.088825,98438.267871,98433.223691,9756.223843,130922.570270
166,0.003434,176142.973892,0.000000,98438.267871,98433.223691,20485.994018,130922.570270
167,0.003529,175892.013083,123900.405163,98438.267871,98433.223691,108846.794319,130922.570270
168,0.003547,175844.298685,0.000000,98438.267871,98433.223691,-10638.722070,130922.570270
169,0.003587,175740.051129,0.000000,98438.267871,98433.223691,24209.195257,130922.570270
170,0.003620,175652.303837,0.000000,98438.267871,98433.223691,10417.328028,130922.570270
171,0.003667,175529.087965,0.000000,98438.267871,98433.223691,-78105.177207,130922.570270
172,0.003668,175527.140475,0.000000,98438.267871,98433.223691,-66084.237246,130922.570270
173,0.003859,175021.583183,0.000000,98438.267871,98433.223691,119776.872757,130922.570270
174,0.004124,174319.739540,0.000000,98438.267871,98433.223691,79242.936029,130922.570270
175,0.004124,174319.390989,0.000000,98438.267871,98433.223691,146689.219787,130922.570270
176,0.004184,174159.922354,0.000000,98438.267871,98433.223691,-155728.083360,130922.570270
177,0.004208,174095.367603,0.000000,98438.267871,98433.223691,5550.160739,130922.570270
178,0.004292,173873.113260,0.000000,98438.267871,98433.223691,-137043.482293,130922.570270
179,0.004301,173848.427986,123886.897205,98438.267871,98433.223691,1393.207197,130922.570270
180,0.004331,173770.431790,0.000000,98438.267871,98433.223691,-119546.652400,130922.570270
181,0.004341,173742.134851,0.000000,98438.267871,98433.223691,-121789.801138,130922.570270
182,0.004363,173683.485668,123885.813830,98438.267871,98433.223691,79769.549663,130922.570270
183,0.004493,173338.405887,0.000000,98438.267871,98433.223691,-39262.143450,130922.570270
184,0.004547,173191.708484,123882.589836,98438.267871,98433.223691,-38580.175808,130922.570270
185,0.004641,172941.351643,0.000000,98438.267871,98433.223691,92053.694876,130922.570270
186,0.004777,172577.793954,0.000000,98438.267871,98433.223691,60425.273315,130922.570270
187,0.004874,172317.119024,0.000000,98438.267871,98433.223691,-160829.673171,130922.570270
188,0.004893,172265.071625,0.000000,98438.267871,98433.223691,47422.020765,130922.570270
189,0.005045,171857.028532,0.000000,98438.267871,98433.223691,117017.389429,130922.570270
190,0.005160,171547.725631,0.000000,98438.267871,98433.223691,-44289.329687,130922.570270
191,0.005164,171535.346852,0.000000,98438.267871,98433.223691,188736.196100,130922.570270
192,0.005212,171406.879427,0.000000,98438.267871,98433.223691,-141765.784588,130922.570270
193,0.005504,170616.410377,0.000000,98438.267871,98433.223691,-116672.777077,130922.570270
194,0.005594,170371.655384,0.000000,98438.267871,98433.223691,0.000000,130922.570270
195,0.005673,170157.935450,0.000000,98438.267871,98433.223691,197163.116063,130922.570270
196,0.005742,169968.515272,0.000000,98438.267871,98433.223691,-67110.233688,130922.570270
197,0.005751,169943.931863,0.000000,98438.267871,98433.223691,134694.773390,130922.570270
198,0.005779,169868.658651,0.000000,98438.267871,98433.223691,-36036.253889,130922.570270
199,0.005779,169867.721863,0.000000,98438.267871,98433.223691,57079.027735,130922.570270
200,0.005834,169719.160542,0.000000,98438.267871,98433.223691,92159.528110,130922.570270
201,0.005861,169643.114260,0.000000,98438.267871,98433.223691,36366.884255,130922.570270
202,0.005873,169611.437315,0.000000,98438.267871,98433.223691,-30798.246276,130922.570270
203,0.006036,169165.005935,0.000000,98438.267871,98433.223691,-92444.927907,130922.570270
204,0.006038,169159.731966,0.000000,98438.267871,98433.223691,8727.965304,130922.570270
205,0.006048,169131.939541,0.000000,98438.267871,98433.223691,92601.965444,130922.570270
206,0.006097,168999.509072,123855.477582,98438.267871,98433.223691,-12543.819432,130922.570270
207,0.006139,168884.732012,0.000000,98438.267871,98433.223691,72276.102379,130922.570270
208,0.006170,168799.080407,0.000000,98438.267871,98433.223691,8618.697777,130922.570270
209,0.006221,168659.432020,0.000000,98438.267871,98433.223691,0.000000,130922.570270
210,0.006411,168137.349130,0.000000,98438.267871,98433.223691,-53388.760550,130922.570270
211,0.006422,168105.934334,0.000000,98438.267871,98433.223691,11406.270109,130922.570270
212,0.006435,168069.539394,0.000000,98438.267871,98433.223691,-183285.720728,130922.570270
213,0.006576,167682.617101,0.000000,98438.267871,98433.223691,61476.938774,130922.570270
214,0.006607,167595.237084,0.000000,98438.267871,98433.223691,0.000000,130922.570270
215,0.006712,167306.703786,0.000000,98438.267871,98433.223691,0.000000,130922.570270
216,0.006751,167199.248054,0.000000,98438.267871,98433.223691,49326.771416,130922.570270
217,0.006948,166652.204353,0.000000,98438.267871,98433.223691,115137.242974,130922.570270
218,0.007020,166451.250864,0.000000,98438.267871,98433.223691,55199.195639,130922.570270
219,0.007036,166407.387557,0.000000,98438.267871,98433.223691,-23113.154389,130922.570270
220,0.007037,166405.268296,0.000000,98438.267871,98433.223691,70685.941722,130922.570270
221,0.007107,166208.500444,0.000000,98438.267871,98433.223691,-123871.067584,130922.570270
222,0.007267,165763.413771,0.000000,98438.267871,98433.223691,-61268.191364,130922.570270
223,0.007291,165696.964886,123834.586629,98438.267871,98433.223691,-56256.993604,130922.570270
224,0.007299,165674.035729,0.000000,98438.267871,98433.223691,-93657.708750,130922.570270
225,0.007405,165378.505138,0.000000,98438.267871,98433.223691,-49747.707935,130922.570270
226,0.007421,165332.414001,0.000000,98438.267871,98433.223691,-99141.629685,130922.570270
227,0.007442,165273.651183,0.000000,98438.267871,98433.223691,91256.169745,130922.570270
228,0.007455,165236.541263,0.000000,98438.267871,98433.223691,6606.569600,130922.570270
229,0.007468,165201.496863,0.000000,98438.267871,98433.223691,-24741.327443,130922.570270
230,0.007607,164810.214692,0.000000,98438.267871,98433.223691,93090.692102,130922.570270
231,0.007676,164618.462571,0.000000,98438.267871,98433.223691,-93043.745531,130922.570270
232,0.007691,164573.581116,123827.574360,98438.267871,98433.223691,0.000000,130922.570270
233,0.007736,164448.200723,0.000000,98438.267871,98433.223691,54893.753045,130922.570270
234,0.007876,164054.383171,0.000000,98438.267871,98433.223691,-56247.723961,130922.570270
235,0.007946,163856.001699,123823.120120,98438.267871,98433.223691,-34145.092054,130922.570270
236,0.007995,163716.326631,0.000000,98438.267871,98433.223691,-90597.487100,130922.570270
237,0.008020,163645.656424,0.000000,98438.267871,98433.223691,17289.787334,130922.570270
238,0.008024,163634.156180,0.000000,98438.267871,98433.223691,6630.210817,130922.570270
239,0.008045,163576.750027,0.000000,98438.267871,98433.223691,-105011.289943,130922.570270
240,0.008057,163542.929901,0.000000,98438.267871,98433.223691,0.000000,130922.570270
241,0.008128,163341.602992,0.000000,98438.267871,98433.223691,83550.586131,130922.570270
242,0.008182,163186.580238,0.000000,98438.267871,98433.223691,-80548.358065,130922.570270
243,0.008220,163080.918286,0.000000,98438.267871,98433.223691,0.000000,130922.570270
244,0.008327,162775.647835,0.000000,98438.267871,98433.223691,34174.178245,130922.570270
245,0.008368,162659.072980,0.000000,98438.267871,98433.223691,-65775.800769,130922.570270
246,0.008448,162431.712434,0.000000,98438.267871,98433.223691,0.000000,130922.570270
247,0.008538,162175.154681,0.000000,98438.267871,98433.223691,0.000000,130922.570270
248,0.008762,161533.112353,0.000000,98438.267871,98433.223691,34133.450204,130922.570270
249,0.008889,161168.904235,0.000000,98438.267871,98433.223691,-5952.134123,130922.570270
250,0.008964,160955.044476,0.000000,98438.267871,98433.223691,113851.956720,130922.570270
251,0.008993,160870.239534,0.000000,98438.267871,98433.223691,118648.030597,130922.570270
252,0.009021,160789.408998,0.000000,98438.267871,98433.223691,0.000000,130922.570270
253,0.009233,160177.613531,0.000000,98438.267871,98433.223691,122162.201174,130922.570270
254,0.009259,160103.944146,0.000000,98438.267871,98433.223691,15836.058772,130922.570270
255,0.009349,159844.284010,123798.576589,98438.267871,98433.223691,-76373.588769,130922.570270
256,0.009364,159798.383687,0.000000,98438.267871,98433.223691,-23939.664940,130922.570270
257,0.009450,159549.767516,0.000000,98438.267871,98433.223691,83339.293302,130922.570270
258,0.009758,158653.336234,0.000000,98438.267871,98433.223691,0.000000,130922.570270
259,0.009822,158467.474093,0.000000,98438.267871,98433.223691,30783.320391,130922.570270
260,0.009831,158441.896202,0.000000,98438.267871,98433.223691,0.000000,130922.570270
261,0.009832,158438.458371,0.000000,98438.267871,98433.223691,15986.009528,130922.570270
262,0.009891,158266.789121,0.000000,98438.267871,98433.223691,-90219.095497,130922.570270
263,0.009899,158242.047418,0.000000,98438.267871,98433.223691,-140394.056018,130922.570270
264,0.009934,158140.401439,0.000000,98438.267871,98433.223691,0.000000,130922.570270
265,0.010087,157692.152411,0.000000,98438.267871,98433.223691,0.000000,130922.570270
266,0.010122,157588.438893,0.000000,98438.267871,98433.223691,17187.040292,130922.570270
267,0.010138,157541.897672,0.000000,98438.267871,98433.223691,-43167.379803,130922.570270
268,0.010228,157278.095043,0.000000,98438.267871,98433.223691,191083.188875,130922.570270
269,0.010250,157211.166297,0.000000,98438.267871,98433.223691,-72344.717353,130922.570270
270,0.010254,157200.237113,0.000000,98438.267871,98433.223691,0.000000,130922.570270
271,0.010272,157146.550623,0.000000,98438.267871,98433.223691,-6064.984238,130922.570270
272,0.010287,157104.097526,0.000000,98438.267871,98433.223691,-138893.750342,130922.570270
273,0.010288,157098.811293,0.000000,98438.267871,98433.223691,17605.778626,130922.570270
274,0.010360,156889.006457,0.000000,98438.267871,98433.223691,133845.203618,130922.570270
275,0.010363,156878.722924,0.000000,98438.267871,98433.223691,145386.803731,130922.570270
276,0.010365,156872.469176,0.000000,98438.267871,98433.223691,-88164.299365,130922.570270
277,0.010373,156850.903572,0.000000,98438.267871,98433.223691,0.000000,130922.570270
278,0.010544,156343.929076,0.000000,98438.267871,98433.223691,-14987.994253,130922.570270
279,0.010549,156330.382502,123777.578314,98438.267871,98433.223691,-44800.301565,130922.570270
280,0.010598,156184.521916,0.000000,98438.267871,98433.223691,40404.477780,130922.570270
281,0.010811,155552.219798,0.000000,98438.267871,98433.223691,8666.808662,130922.570270
282,0.010830,155496.180443,0.000000,98438.267871,98433.223691,3520.733236,130922.570270
283,0.010868,155381.162577,0.000000,98438.267871,98433.223691,0.000000,130922.570270
284,0.010883,155337.941919,0.000000,98438.267871,98433.223691,63893.241941,130922.570270
285,0.010934,155185.899524,0.000000,98438.267871,98433.223691,0.000000,130922.570270
286,0.011032,154891.476377,123769.114391,98438.267871,98433.223691,42235.137947,130922.570270
287,0.011141,154567.059192,0.000000,98438.267871,98433.223691,-45588.771221,130922.570270
288,0.011198,154394.003811,0.000000,98438.267871,98433.223691,-6376.304061,130922.570270
289,0.011231,154297.489095,0.000000,98438.267871,98433.223691,20115.704008,130922.570270
290,0.011254,154226.046389,0.000000,98438.267871,98433.223691,0.000000,130922.570270
291,0.011279,154151.200289,0.000000,98438.267871,98433.223691,34608.477842,130922.570270
292,0.011457,153616.677501,0.000000,98438.267871,98433.223691,31619.269875,130922.570270
293,0.011468,153583.687506,0.000000,98438.267871,98433.223691,35206.479321,130922.570270
294,0.011538,153373.358615,0.000000,98438.267871,98433.223691,51973.419375,130922.570270
295,0.011609,153159.341630,0.000000,98438.267871,98433.223691,-62732.981277,130922.570270
296,0.011697,152890.618224,0.000000,98438.267871,98433.223691,-28091.029163,130922.570270
297,0.011699,152884.510192,0.000000,98438.267871,98433.223691,-18014.811842,130922.570270
298,0.011802,152574.290354,0.000000,98438.267871,98433.223691,16827.766198,130922.570270
299,0.011847,152438.442236,0.000000,98438.267871,98433.223691,12521.367942,130922.570270
300,0.011896,152288.161105,0.000000,98438.267871,98433.223691,-46872.788217,130922.570270
301,0.011900,152277.199678,123753.936921,98438.267871,98433.223691,-13570.537202,130922.570270
302,0.011922,152209.499758,0.000000,98438.267871,98433.223691,-45500.894399,130922.570270
303,0.011957,152102.514275,0.000000,98438.267871,98433.223691,0.000000,130922.570270
304,0.012004,151958.540642,0.000000,98438.267871,98433.223691,0.000000,130922.570270
305,0.012021,151907.100289,0.000000,98438.267871,98433.223691,33842.174220,130922.570270
306,0.012071,151755.796462,0.000000,98438.267871,98433.223691,0.000000,130922.570270
307,0.012093,151687.018773,0.000000,98438.267871,98433.223691,-102433.459963,130922.570270
308,0.012098,151673.844487,0.000000,98438.267871,98433.223691,119311.762227,130922.570270
309,0.012105,151651.090883,0.000000,98438.267871,98433.223691,-21777.451037,130922.570270
310,0.012202,151356.290060,0.000000,98438.267871,98433.223691,-15032.814822,130922.570270
311,0.012235,151253.068499,0.000000,98438.267871,98433.223691,0.000000,130922.570270
312,0.012260,151178.115146,0.000000,98438.267871,98433.223691,0.000000,130922.570270
313,0.012289,151088.772921,0.000000,98438.267871,98433.223691,-66163.982034,130922.570270
314,0.012296,151068.199437,0.000000,98438.267871,98433.223691,76141.615136,130922.570270
315,0.012323,150983.641351,0.000000,98438.267871,98433.223691,-22109.666997,130922.570270
316,0.012392,150772.160257,0.000000,98438.267871,98433.223691,158122.885851,130922.570270
317,0.012406,150729.623784,123745.073997,98438.267871,98433.223691,0.000000,130922.570270
318,0.012463,150554.565604,0.000000,98438.267871,98433.223691,0.000000,130922.570270
319,0.012474,150519.597859,123743.878159,98438.267871,98433.223691,81427.792288,130922.570270
320,0.012483,150491.846729,0.000000,98438.267871,98433.223691,0.000000,130922.570270
321,0.012488,150477.136534,0.000000,98438.267871,98433.223691,107946.492659,130922.570270
322,0.012498,150446.129127,0.000000,98438.267871,98433.223691,0.000000,130922.570270
323,0.012512,150403.717613,0.000000,98438.267871,98433.223691,-69245.790367,130922.570270
324,0.012555,150270.142956,0.000000,98438.267871,98433.223691,-51447.593340,130922.570270
325,0.012593,150154.193029,0.000000,98438.267871,98433.223691,0.000000,130922.570270
326,0.012611,150098.120348,123741.483396,98438.267871,98433.223691,-9254.907283,130922.570270
327,0.012657,149956.481243,0.000000,98438.267871,98433.223691,164501.497898,130922.570270
328,0.012798,149521.781066,0.000000,98438.267871,98433.223691,-54917.130979,130922.570270
329,0.012825,149437.343499,0.000000,98438.267871,98433.223691,0.000000,130922.570270
330,0.012838,149397.970540,0.000000,98438.267871,98433.223691,41497.752897,130922.570270
331,0.012916,149155.782542,0.000000,98438.267871,98433.223691,0.000000,130922.570270
332,0.012936,149093.642835,0.000000,98438.267871,98433.223691,-94645.948250,130922.570270
333,0.012936,149093.418919,0.000000,98438.267871,98433.223691,159240.766780,130922.570270
334,0.012947,149058.129155,123735.603062,98438.267871,98433.223691,0.000000,130922.570270
335,0.012963,149009.211851,0.000000,98438.267871,98433.223691,129723.250817,130922.570270
336,0.012969,148990.848760,0.000000,98438.267871,98433.223691,-74140.282764,130922.570270
337,0.013064,148696.751444,123733.569323,98438.267871,98433.223691,38626.616128,130922.570270
338,0.013117,148530.569270,0.000000,98438.267871,98433.223691,80790.754199,130922.570270
339,0.013147,148437.372896,0.000000,98438.267871,98433.223691,-121588.043664,130922.570270
340,0.013190,148301.343732,0.000000,98438.267871,98433.223691,0.000000,130922.570270
341,0.013284,148007.650567,0.000000,98438.267871,98433.223691,-16087.577424,130922.570270
342,0.013309,147931.892381,0.000000,98438.267871,98433.223691,-249958.166673,130922.570270
343,0.013323,147887.347804,0.000000,98438.267871,98433.223691,-148942.757696,130922.570270
344,0.013335,147848.070195,123728.812574,98438.267871,98433.223691,-16991.438878,130922.570270
345,0.013347,147810.069766,0.000000,98438.267871,98433.223691,38611.431089,130922.570270
346,0.013362,147765.364127,0.000000,98438.267871,98433.223691,0.000000,130922.570270
347,0.013421,147580.035593,123727.315930,98438.267871,98433.223691,0.000000,130922.570270
348,0.013449,147492.080107,0.000000,98438.267871,98433.223691,0.000000,130922.570270
349,0.013583,147069.863517,0.000000,98438.267871,98433.223691,7615.672505,130922.570270
350,0.013645,146876.152978,0.000000,98438.267871,98433.223691,-58708.174736,130922.570270
351,0.013887,146112.032969,0.000000,98438.267871,98433.223691,-27624.003911,130922.570270
352,0.013897,146079.888607,0.000000,98438.267871,98433.223691,32828.666237,130922.570270
353,0.013931,145971.477609,123718.391148,98438.267871,98433.223691,0.000000,130922.570270
354,0.013946,145923.187770,0.000000,98438.267871,98433.223691,-29397.809150,130922.570270
355,0.013952,145904.991791,0.000000,98438.267871,98433.223691,0.000000,130922.570270
356,0.013963,145870.378210,123717.833483,98438.267871,98433.223691,0.000000,130922.570270
357,0.013964,145866.800939,0.000000,98438.267871,98433.223691,-45887.970894,130922.570270
358,0.014000,145753.184908,0.000000,98438.267871,98433.223691,-18611.104845,130922.570270
359,0.014180,145178.187838,0.000000,98438.267871,98433.223691,0.000000,130922.570270
360,0.014198,145122.033445,0.000000,98438.267871,98433.223691,0.000000,130922.570270
361,0.014208,145089.664371,0.000000,98438.267871,98433.223691,0.000000,130922.570270
362,0.014232,145013.775325,0.000000,98438.267871,98433.223691,0.000000,130922.570270
363,0.014236,145000.034453,0.000000,98438.267871,98433.223691,-50491.493157,130922.570270
364,0.014294,144815.450614,0.000000,98438.267871,98433.223691,0.000000,130922.570270
365,0.014342,144661.218645,0.000000,98438.267871,98433.223691,-22276.808831,130922.570270
366,0.014373,144562.675827,123710.654999,98438.267871,98433.223691,116622.256515,130922.570270
367,0.014380,144538.914816,0.000000,98438.267871,98433.223691,-127147.886190,130922.570270
368,0.014480,144220.893816,0.000000,98438.267871,98433.223691,0.000000,130922.570270
369,0.014499,144157.036362,0.000000,98438.267871,98433.223691,0.000000,130922.570270
370,0.014513,144113.450053,0.000000,98438.267871,98433.223691,0.000000,130922.570270
371,0.014567,143940.816560,0.000000,98438.267871,98433.223691,0.000000,130922.570270
372,0.014762,143312.765248,0.000000,98438.267871,98433.223691,26977.641830,130922.570270
373,0.014798,143193.594566,0.000000,98438.267871,98433.223691,0.000000,130922.570270
374,0.014888,142903.327607,0.000000,98438.267871,98433.223691,0.000000,130922.570270
375,0.014900,142865.388849,0.000000,98438.267871,98433.223691,-83375.841817,130922.570270
376,0.014943,142725.706754,0.000000,98438.267871,98433.223691,0.000000,130922.570270
377,0.014991,142569.485641,0.000000,98438.267871,98433.223691,0.000000,130922.570270
378,0.015094,142235.015346,0.000000,98438.267871,98433.223691,0.000000,130922.570270
379,0.015149,142054.858013,0.000000,98438.267871,98433.223691,0.000000,130922.570270
380,0.015161,142016.331873,0.000000,98438.267871,98433.223691,0.000000,130922.570270
381,0.015220,141823.850605,0.000000,98438.267871,98433.223691,44908.930460,130922.570270
382,0.015288,141603.130355,0.000000,98438.267871,98433.223691,0.000000,130922.570270
383,0.015355,141381.457428,0.000000,98438.267871,98433.223691,55083.666683,130922.570270
384,0.015379,141302.788859,0.000000,98438.267871,98433.223691,-38309.375720,130922.570270
385,0.015448,141077.527282,123691.839302,98438.267871,98433.223691,0.000000,130922.570270
386,0.015474,140993.832328,0.000000,98438.267871,98433.223691,0.000000,130922.570270
387,0.015479,140975.375725,0.000000,98438.267871,98433.223691,-29126.188272,130922.570270
388,0.015491,140938.454228,0.000000,98438.267871,98433.223691,0.000000,130922.570270
389,0.015605,140562.807029,0.000000,98438.267871,98433.223691,-34910.468112,130922.570270
390,0.015688,140289.204409,0.000000,98438.267871,98433.223691,0.000000,130922.570270
391,0.015701,140244.249289,0.000000,98438.267871,98433.223691,0.000000,130922.570270
392,0.015710,140214.462848,0.000000,98438.267871,98433.223691,-70622.316952,130922.570270
393,0.015744,140103.585426,0.000000,98438.267871,98433.223691,13134.924302,130922.570270
394,0.015804,139906.670908,123685.621069,98438.267871,98433.223691,0.000000,130922.570270
395,0.015828,139825.774362,0.000000,98438.267871,98433.223691,0.000000,130922.570270
396,0.015887,139630.099702,0.000000,98438.267871,98433.223691,0.000000,130922.570270
397,0.015896,139599.052527,0.000000,98438.267871,98433.223691,35648.984430,130922.570270
398,0.015900,139588.238335,0.000000,98438.267871,98433.223691,0.000000,130922.570270
399,0.015926,139501.248724,0.000000,98438.267871,98433.223691,0.000000,130922.570270
400,0.015941,139450.665439,0.000000,98438.267871,98433.223691,0.000000,130922.570270
401,0.015977,139331.927856,123682.587658,98438.267871,98433.223691,0.000000,130922.570270
402,0.015991,139286.177798,0.000000,98438.267871,98433.223691,0.000000,130922.570270
403,0.016023,139179.306150,0.000000,98438.267871,98433.223691,0.000000,130922.570270
404,0.016030,139155.036583,0.000000,98438.267871,98433.223691,-120399.054188,130922.570270
405,0.016040,139123.124301,123681.488714,98438.267871,98433.223691,0.000000,130922.570270
406,0.016082,138981.734672,0.000000,98438.267871,98433.223691,0.000000,130922.570270
407,0.016124,138842.540385,0.000000,98438.267871,98433.223691,0.000000,130922.570270
408,0.016161,138718.259183,0.000000,98438.267871,98433.223691,0.000000,130922.570270
409,0.016214,138541.351285,0.000000,98438.267871,98433.223691,-16267.559241,130922.570270
410,0.016259,138390.356433,0.000000,98438.267871,98433.223691,28376.051851,130922.570270
411,0.016264,138374.521214,0.000000,98438.267871,98433.223691,0.000000,130922.570270
412,0.016283,138309.781106,0.000000,98438.267871,98433.223691,0.000000,130922.570270
413,0.016358,138059.561833,0.000000,98438.267871,98433.223691,25606.797823,130922.570270
414,0.016370,138018.869067,0.000000,98438.267871,98433.223691,0.000000,130922.570270
415,0.016381,137983.245678,123675.518525,98438.267871,98433.223691,22779.787932,130922.570270
416,0.016386,137965.362122,0.000000,98438.267871,98433.223691,0.000000,130922.570270
417,0.016441,137781.292040,0.000000,98438.267871,98433.223691,0.000000,130922.570270
418,0.016488,137624.808947,0.000000,98438.267871,98433.223691,0.000000,130922.570270
419,0.016535,137464.264224,0.000000,98438.267871,98433.223691,-61154.589082,130922.570270
420,0.016538,137454.924363,0.000000,98438.267871,98433.223691,0.000000,130922.570270
421,0.016582,137307.208165,0.000000,98438.267871,98433.223691,31892.282037,130922.570270
422,0.016588,137285.263070,123671.887036,98438.267871,98433.223691,0.000000,130922.570270
423,0.016661,137039.107342,0.000000,98438.267871,98433.223691,-14031.274895,130922.570270
424,0.016675,136992.152071,0.000000,98438.267871,98433.223691,125815.229359,130922.570270
425,0.016713,136864.163020,0.000000,98438.267871,98433.223691,0.000000,130922.570270
426,0.016750,136738.741505,0.000000,98438.267871,98433.223691,45579.510438,130922.570270
427,0.016765,136687.134794,0.000000,98438.267871,98433.223691,0.000000,130922.570270
428,0.016793,136594.765174,0.000000,98438.267871,98433.223691,140037.897521,130922.570270
429,0.016864,136353.830371,123667.069623,98438.267871,98433.223691,0.000000,130922.570270
430,0.016872,136325.187183,0.000000,98438.267871,98433.223691,0.000000,130922.570270
431,0.016955,136042.110978,0.000000,98438.267871,98433.223691,0.000000,130922.570270
432,0.017029,135789.686838,0.000000,98438.267871,98433.223691,0.000000,130922.570270
433,0.017079,135619.202434,0.000000,98438.267871,98433.223691,0.000000,130922.570270
434,0.017085,135601.438408,0.000000,98438.267871,98433.223691,0.000000,130922.570270
435,0.017115,135498.443820,0.000000,98438.267871,98433.223691,129986.900313,130922.570270
436,0.017206,135187.397833,0.000000,98438.267871,98433.223691,30873.485152,130922.570270
437,0.017300,134865.677643,0.000000,98438.267871,98433.223691,39170.431029,130922.570270
438,0.017315,134811.904915,123659.166780,98438.267871,98433.223691,0.000000,130922.570270
439,0.017361,134653.820383,0.000000,98438.267871,98433.223691,0.000000,130922.570270
440,0.017397,134529.404455,0.000000,98438.267871,98433.223691,58708.567553,130922.570270
441,0.017510,134140.280410,0.000000,98438.267871,98433.223691,0.000000,130922.570270
442,0.017511,134136.803133,0.000000,98438.267871,98433.223691,-25286.914967,130922.570270
443,0.017639,133697.045702,0.000000,98438.267871,98433.223691,-166226.361982,130922.570270
444,0.017649,133661.628651,0.000000,98438.267871,98433.223691,72262.881733,130922.570270
445,0.017746,133325.283915,0.000000,98438.267871,98433.223691,0.000000,130922.570270
446,0.017820,133068.568480,0.000000,98438.267871,98433.223691,0.000000,130922.570270
447,0.017845,132979.974081,0.000000,98438.267871,98433.223691,0.000000,130922.570270
448,0.017922,132713.126630,0.000000,98438.267871,98433.223691,-40777.968472,130922.570270
449,0.018027,132344.256119,0.000000,98438.267871,98433.223691,0.000000,130922.570270
450,0.018029,132336.641472,0.000000,98438.267871,98433.223691,61266.352728,130922.570270
451,0.018112,132048.239864,0.000000,98438.267871,98433.223691,0.000000,130922.570270
452,0.018127,131993.563160,0.000000,98438.267871,98433.223691,0.000000,130922.570270
453,0.018158,131885.103610,0.000000,98438.267871,98433.223691,29178.400869,130922.570270
454,0.018180,131809.439544,0.000000,98438.267871,98433.223691,-199050.207184,130922.570270
455,0.018230,131631.856277,0.000000,98438.267871,98433.223691,71655.734509,130922.570270
456,0.018308,131358.058552,0.000000,98438.267871,98433.223691,83472.331851,130922.570270
457,0.018380,131102.967457,0.000000,98438.267871,98433.223691,0.000000,130922.570270
458,0.018384,131091.185660,123640.466964,98438.267871,98433.223691,-21181.149876,130922.570270
459,0.018421,130959.214790,123639.813305,98438.267871,98433.223691,-35816.205983,130922.570270
460,0.018426,130941.124218,0.000000,98438.267871,98433.223691,151695.049888,130922.570270
461,0.018433,130916.770568,123639.603216,98438.267871,98433.223691,0.000000,130922.570270
462,0.018450,130858.571229,0.000000,98438.267871,98433.223691,-4168.090210,130922.570270
463,0.018531,130569.419559,0.000000,98438.267871,98433.223691,0.000000,130922.570270
464,0.018591,130358.567091,0.000000,98438.267871,98433.223691,150113.096551,130922.570270
465,0.018593,130351.148603,0.000000,98438.267871,98433.223691,0.000000,130922.570270
466,0.018605,130307.114166,0.000000,98438.267871,98433.223691,0.000000,130922.570270
467,0.018617,130265.754592,0.000000,98438.267871,98433.223691,0.000000,130922.570270
468,0.018644,130167.486588,0.000000,98438.267871,98433.223691,0.000000,130922.570270
469,0.018661,130108.944536,0.000000,98438.267871,98433.223691,0.000000,130922.570270
470,0.018711,129929.184848,0.000000,98438.267871,98433.223691,0.000000,130922.570270
471,0.018727,129873.657075,0.000000,98438.267871,98433.223691,0.000000,130922.570270
472,0.018751,129787.498014,123634.038593,98438.267871,98433.223691,0.000000,130922.570270
473,0.018776,129697.940286,123633.599349,98438.267871,98433.223691,-78186.654186,130922.570270
474,0.018778,129692.972435,0.000000,98438.267871,98433.223691,0.000000,130922.570270
475,0.018853,129422.906278,0.000000,98438.267871,98433.223691,0.000000,130922.570270
476,0.018939,129116.521720,123630.755104,98438.267871,98433.223691,0.000000,130922.570270
477,0.018939,129114.527099,0.000000,98438.267871,98433.223691,0.000000,130922.570270
478,0.018974,128990.672357,0.000000,98438.267871,98433.223691,0.000000,130922.570270
479,0.018976,128981.781449,0.000000,98438.267871,98433.223691,0.000000,130922.570270
480,0.019075,128626.598702,0.000000,98438.267871,98433.223691,0.000000,130922.570270
481,0.019085,128589.656512,0.000000,98438.267871,98433.223691,-58520.104109,130922.570270
482,0.019086,128588.617114,0.000000,98438.267871,98433.223691,-41514.514211,130922.570270
483,0.019113,128491.299333,123627.710832,98438.267871,98433.223691,-37431.075455,130922.570270
484,0.019214,128127.515718,0.000000,98438.267871,98433.223691,0.000000,130922.570270
485,0.019234,128054.477404,0.000000,98438.267871,98433.223691,-38683.067976,130922.570270
486,0.019256,127973.262218,0.000000,98438.267871,98433.223691,118688.973256,130922.570270
487,0.019274,127910.096302,0.000000,98438.267871,98433.223691,0.000000,130922.570270
488,0.019319,127747.265583,0.000000,98438.267871,98433.223691,0.000000,130922.570270
489,0.019331,127700.898854,0.000000,98438.267871,98433.223691,0.000000,130922.570270
490,0.019380,127525.971111,0.000000,98438.267871,98433.223691,25866.718912,130922.570270
491,0.019398,127458.187904,0.000000,98438.267871,98433.223691,0.000000,130922.570270
492,0.019412,127410.127698,0.000000,98438.267871,98433.223691,0.000000,130922.570270
493,0.019420,127379.342193,0.000000,98438.267871,98433.223691,0.000000,130922.570270
494,0.019473,127188.256921,0.000000,98438.267871,98433.223691,0.000000,130922.570270
495,0.019484,127145.395461,0.000000,98438.267871,98433.223691,0.000000,130922.570270
496,0.019542,126935.558164,123620.199886,98438.267871,98433.223691,0.000000,130922.570270
497,0.019543,126931.436395,0.000000,98438.267871,98433.223691,39082.459917,130922.570270
498,0.019595,126740.719396,0.000000,98438.267871,98433.223691,0.000000,130922.570270
499,0.019610,126687.945674,0.000000,98438.267871,98433.223691,0.000000,130922.570270
500,0.019682,126422.523648,123617.743069,98438.267871,98433.223691,0.000000,130922.570270
501,0.019742,126204.337388,0.000000,98438.267871,98433.223691,-47031.607483,130922.570270
502,0.019813,125942.515461,0.000000,98438.267871,98433.223691,0.000000,130922.570270
503,0.019825,125898.948096,0.000000,98438.267871,98433.223691,0.000000,130922.570270
504,0.019949,125442.117096,0.000000,98438.267871,98433.223691,0.000000,130922.570270
505,0.019953,125425.873085,0.000000,98438.267871,98433.223691,41687.234235,130922.570270
506,0.019974,125348.435542,0.000000,98438.267871,98433.223691,0.000000,130922.570270
507,0.019981,125324.907847,0.000000,98438.267871,98433.223691,0.000000,130922.570270
508,0.020114,124833.108520,0.000000,98438.267871,98433.223691,0.000000,130922.570270
509,0.020337,124002.245801,0.000000,98438.267871,98433.223691,0.000000,130922.570270
510,0.020363,123904.890442,0.000000,98438.267871,98433.223691,0.000000,130922.570270
511,0.020388,123812.265411,123605.397145,98438.267871,98433.223691,0.000000,130922.570270
512,0.020393,123792.682493,0.000000,98438.267871,98433.223691,0.000000,130922.570270
513,0.020548,123213.462138,123602.601256,98438.267871,98433.223691,0.000000,130922.570270
514,0.020645,122845.731756,123600.890993,98438.267871,98433.223691,0.000000,130922.570270
515,0.020814,122207.099726,0.000000,98438.267871,98433.223691,0.000000,130922.570270
516,0.020822,122177.775314,0.000000,98438.267871,98433.223691,84535.112387,130922.570270
517,0.020939,121734.655982,0.000000,98438.267871,98433.223691,0.000000,130922.570270
518,0.021022,121416.551801,0.000000,98438.267871,98433.223691,73048.516083,130922.570270
519,0.021112,121075.673848,0.000000,98438.267871,98433.223691,0.000000,130922.570270
520,0.021195,120757.965124,0.000000,98438.267871,98433.223691,-44013.022192,130922.570270
521,0.021233,120610.842752,0.000000,98438.267871,98433.223691,0.000000,130922.570270
522,0.021237,120593.633442,0.000000,98438.267871,98433.223691,0.000000,130922.570270
523,0.021247,120557.251570,0.000000,98438.267871,98433.223691,0.000000,130922.570270
524,0.021254,120530.909290,0.000000,98438.267871,98433.223691,6411.120653,130922.570270
525,0.021263,120496.075766,0.000000,98438.267871,98433.223691,0.000000,130922.570270
526,0.021510,119542.386481,0.000000,98438.267871,98433.223691,0.000000,130922.570270
527,0.021526,119479.821155,123585.474101,98438.267871,98433.223691,0.000000,130922.570270
528,0.021583,119258.548532,0.000000,98438.267871,98433.223691,0.000000,130922.570270
529,0.021635,119056.479093,123583.565381,98438.267871,98433.223691,0.000000,130922.570270
530,0.021707,118776.404449,0.000000,98438.267871,98433.223691,0.000000,130922.570270
531,0.021761,118564.996599,0.000000,98438.267871,98433.223691,0.000000,130922.570270
532,0.021780,118493.696857,0.000000,98438.267871,98433.223691,0.000000,130922.570270
533,0.021883,118090.317873,0.000000,98438.267871,98433.223691,0.000000,130922.570270
534,0.022041,117470.236810,0.000000,98438.267871,98433.223691,0.000000,130922.570270
535,0.022062,117387.394746,0.000000,98438.267871,98433.223691,-142992.899871,130922.570270
536,0.022088,117282.879408,0.000000,98438.267871,98433.223691,0.000000,130922.570270
537,0.022108,117204.548832,0.000000,98438.267871,98433.223691,0.000000,130922.570270
538,0.022211,116797.879968,0.000000,98438.267871,98433.223691,0.000000,130922.570270
539,0.022214,116786.389462,0.000000,98438.267871,98433.223691,0.000000,130922.570270
540,0.022221,116757.625497,123573.318819,98438.267871,98433.223691,0.000000,130922.570270
541,0.022244,116665.574692,0.000000,98438.267871,98433.223691,0.000000,130922.570270
542,0.022264,116588.113479,0.000000,98438.267871,98433.223691,0.000000,130922.570270
543,0.022268,116572.151117,0.000000,98438.267871,98433.223691,0.000000,130922.570270
544,0.022272,116555.545775,0.000000,98438.267871,98433.223691,0.000000,130922.570270
545,0.022368,116172.937917,0.000000,98438.267871,98433.223691,0.000000,130922.570270
546,0.022374,116147.356505,123570.632249,98438.267871,98433.223691,0.000000,130922.570270
547,0.022426,115942.153112,0.000000,98438.267871,98433.223691,167987.964487,130922.570270
548,0.022524,115547.632879,0.000000,98438.267871,98433.223691,0.000000,130922.570270
549,0.022566,115379.452671,0.000000,98438.267871,98433.223691,0.000000,130922.570270
550,0.022667,114973.901878,0.000000,98438.267871,98433.223691,0.000000,130922.570270
551,0.022723,114748.285268,0.000000,98438.267871,98433.223691,0.000000,130922.570270
552,0.022788,114486.547519,0.000000,98438.267871,98433.223691,0.000000,130922.570270
553,0.022797,114451.667256,0.000000,98438.267871,98433.223691,0.000000,130922.570270
554,0.022814,114379.837093,123562.930577,98438.267871,98433.223691,0.000000,130922.570270
555,0.022824,114339.880286,0.000000,98438.267871,98433.223691,0.000000,130922.570270
556,0.022832,114308.142079,0.000000,98438.267871,98433.223691,0.000000,130922.570270
557,0.022833,114305.083477,0.000000,98438.267871,98433.223691,0.000000,130922.570270
558,0.022864,114177.326568,0.000000,98438.267871,98433.223691,0.000000,130922.570270
559,0.022887,114084.560586,0.000000,98438.267871,98433.223691,0.000000,130922.570270
560,0.022964,113774.320192,0.000000,98438.267871,98433.223691,0.000000,130922.570270
561,0.022964,113772.378528,0.000000,98438.267871,98433.223691,0.000000,130922.570270
562,0.023058,113388.464571,0.000000,98438.267871,98433.223691,0.000000,130922.570270
563,0.023088,113266.700589,0.000000,98438.267871,98433.223691,0.000000,130922.570270
564,0.023143,113042.137698,0.000000,98438.267871,98433.223691,0.000000,130922.570270
565,0.023155,112992.509896,0.000000,98438.267871,98433.223691,0.000000,130922.570270
566,0.023313,112345.053729,0.000000,98438.267871,98433.223691,0.000000,130922.570270
567,0.023470,111695.750140,0.000000,98438.267871,98433.223691,0.000000,130922.570270
568,0.023487,111624.030901,0.000000,98438.267871,98433.223691,0.000000,130922.570270
569,0.023591,111194.058176,0.000000,98438.267871,98433.223691,0.000000,130922.570270
570,0.023654,110930.991625,0.000000,98438.267871,98433.223691,0.000000,130922.570270
571,0.023685,110799.362453,0.000000,98438.267871,98433.223691,0.000000,130922.570270
572,0.023720,110652.631240,0.000000,98438.267871,98433.223691,0.000000,130922.570270
573,0.023745,110548.336780,0.000000,98438.267871,98433.223691,0.000000,130922.570270
574,0.023839,110153.463784,0.000000,98438.267871,98433.223691,0.000000,130922.570270
575,0.023852,110102.404039,123544.781033,98438.267871,98433.223691,0.000000,130922.570270
576,0.023853,110096.384062,0.000000,98438.267871,98433.223691,0.000000,130922.570270
577,0.023901,109894.560725,123543.916753,98438.267871,98433.223691,0.000000,130922.570270
578,0.023980,109561.584228,0.000000,98438.267871,98433.223691,0.000000,130922.570270
579,0.023982,109553.026953,0.000000,98438.267871,98433.223691,0.000000,130922.570270
580,0.023997,109489.646864,0.000000,98438.267871,98433.223691,-58039.483323,130922.570270
581,0.024015,109413.393542,0.000000,98438.267871,98433.223691,34638.904055,130922.570270
582,0.024098,109060.398168,0.000000,98438.267871,98433.223691,0.000000,130922.570270
583,0.024119,108970.817855,0.000000,98438.267871,98433.223691,0.000000,130922.570270
584,0.024144,108865.141908,0.000000,98438.267871,98433.223691,0.000000,130922.570270
585,0.024235,108479.568846,0.000000,98438.267871,98433.223691,0.000000,130922.570270
586,0.024348,107994.078097,0.000000,98438.267871,98433.223691,0.000000,130922.570270
587,0.024374,107881.831055,0.000000,98438.267871,98433.223691,0.000000,130922.570270
588,0.024427,107656.244790,0.000000,98438.267871,98433.223691,0.000000,130922.570270
589,0.024450,107554.799257,0.000000,98438.267871,98433.223691,0.000000,130922.570270
590,0.024473,107458.148101,0.000000,98438.267871,98433.223691,0.000000,130922.570270
591,0.024518,107264.521371,0.000000,98438.267871,98433.223691,-22467.837293,130922.570270
592,0.024539,107175.075970,0.000000,98438.267871,98433.223691,0.000000,130922.570270
593,0.024553,107110.682639,0.000000,98438.267871,98433.223691,0.000000,130922.570270
594,0.024564,107066.550699,0.000000,98438.267871,98433.223691,0.000000,130922.570270
595,0.024574,107020.076806,0.000000,98438.267871,98433.223691,0.000000,130922.570270
596,0.024622,106812.501846,0.000000,98438.267871,98433.223691,0.000000,130922.570270
597,0.024627,106793.730546,0.000000,98438.267871,98433.223691,0.000000,130922.570270
598,0.024668,106615.973122,0.000000,98438.267871,98433.223691,0.000000,130922.570270
599,0.024690,106517.001193,0.000000,98438.267871,98433.223691,0.000000,130922.570270
600,0.024749,106262.021632,0.000000,98438.267871,98433.223691,0.000000,130922.570270
601,0.024830,105910.245541,0.000000,98438.267871,98433.223691,0.000000,130922.570270
602,0.024830,105908.981177,0.000000,98438.267871,98433.223691,0.000000,130922.570270
603,0.024911,105555.021752,0.000000,98438.267871,98433.223691,0.000000,130922.570270
604,0.024923,105501.022594,0.000000,98438.267871,98433.223691,0.000000,130922.570270
605,0.024949,105388.947067,0.000000,98438.267871,98433.223691,0.000000,130922.570270
606,0.025072,104843.659833,0.000000,98438.267871,98433.223691,0.000000,130922.570270
607,0.025127,104600.671450,0.000000,98438.267871,98433.223691,0.000000,130922.570270
608,0.025153,104485.800680,0.000000,98438.267871,98433.223691,0.000000,130922.570270
609,0.025160,104454.977255,0.000000,98438.267871,98433.223691,0.000000,130922.570270
610,0.025170,104410.899921,0.000000,98438.267871,98433.223691,0.000000,130922.570270
611,0.025198,104289.862346,0.000000,98438.267871,98433.223691,0.000000,130922.570270
612,0.025215,104211.042453,0.000000,98438.267871,98433.223691,0.000000,130922.570270
613,0.025255,104036.616270,0.000000,98438.267871,98433.223691,0.000000,130922.570270
614,0.025271,103963.817613,0.000000,98438.267871,98433.223691,0.000000,130922.570270
615,0.025315,103768.877097,0.000000,98438.267871,98433.223691,-51555.645461,130922.570270
616,0.025396,103405.767823,0.000000,98438.267871,98433.223691,0.000000,130922.570270
617,0.025436,103226.247987,123517.054308,98438.267871,98433.223691,0.000000,130922.570270
618,0.025503,102922.783911,0.000000,98438.267871,98433.223691,-88524.606296,130922.570270
619,0.025561,102661.974097,0.000000,98438.267871,98433.223691,0.000000,130922.570270
620,0.025634,102331.879867,0.000000,98438.267871,98433.223691,0.000000,130922.570270
621,0.025662,102208.207423,0.000000,98438.267871,98433.223691,0.000000,130922.570270
622,0.025733,101885.698965,0.000000,98438.267871,98433.223691,0.000000,130922.570270
623,0.025775,101692.591373,0.000000,98438.267871,98433.223691,0.000000,130922.570270
624,0.025800,101581.693827,123510.687805,98438.267871,98433.223691,0.000000,130922.570270
625,0.025826,101464.078917,0.000000,98438.267871,98433.223691,0.000000,130922.570270
626,0.025891,101165.872478,0.000000,98438.267871,98433.223691,0.000000,130922.570270
627,0.025900,101122.327016,0.000000,98438.267871,98433.223691,0.000000,130922.570270
628,0.025958,100859.466363,0.000000,98438.267871,98433.223691,0.000000,130922.570270
629,0.026008,100630.290015,0.000000,98438.267871,98433.223691,0.000000,130922.570270
630,0.026061,100383.848857,0.000000,98438.267871,98433.223691,0.000000,130922.570270
631,0.026118,100121.421000,0.000000,98438.267871,98433.223691,0.000000,130922.570270
632,0.026223,99632.627825,0.000000,98438.267871,98433.223691,0.000000,130922.570270
633,0.026231,99594.588369,0.000000,98438.267871,98433.223691,0.000000,130922.570270
634,0.026296,99293.860223,0.000000,98438.267871,98433.223691,0.000000,130922.570270
635,0.026348,99053.775294,0.000000,98438.267871,98433.223691,0.000000,130922.570270
636,0.026365,98973.110015,123500.798973,98438.267871,98433.223691,0.000000,130922.570270
637,0.026439,98623.758661,0.000000,98438.267871,98433.223691,0.000000,130922.570270
638,0.026509,98296.959605,0.000000,98438.267871,98433.223691,0.000000,130922.570270
639,0.026510,98291.942898,0.000000,98438.267871,98433.223691,0.000000,130922.570270
640,0.026572,97997.057390,0.000000,98438.267871,98433.223691,0.000000,130922.570270
641,0.026593,97898.821988,0.000000,98438.267871,98433.223691,0.000000,130922.570270
642,0.026641,97670.222142,0.000000,98438.267871,98433.223691,0.000000,130922.570270
643,0.026683,97471.725693,0.000000,98438.267871,98433.223691,0.000000,130922.570270
644,0.026713,97331.134363,0.000000,98438.267871,98433.223691,0.000000,130922.570270
645,0.026779,97014.892907,0.000000,98438.267871,98433.223691,0.000000,130922.570270
646,0.026837,96738.699826,0.000000,98438.267871,98433.223691,0.000000,130922.570270
647,0.026876,96549.995846,0.000000,98438.267871,98433.223691,0.000000,130922.570270
648,0.026877,96547.512150,0.000000,98438.267871,98433.223691,0.000000,130922.570270
649,0.026968,96109.670956,0.000000,98438.267871,98433.223691,0.000000,130922.570270
650,0.026985,96027.286455,0.000000,98438.267871,98433.223691,0.000000,130922.570270
651,0.027141,95273.266569,0.000000,98438.267871,98433.223691,0.000000,130922.570270
652,0.027189,95041.121543,0.000000,98438.267871,98433.223691,0.000000,130922.570270
653,0.027316,94417.414381,0.000000,98438.267871,98433.223691,0.000000,130922.570270
654,0.027342,94293.928161,0.000000,98438.267871,98433.223691,0.000000,130922.570270
655,0.027357,94217.568823,0.000000,98438.267871,98433.223691,0.000000,130922.570270
656,0.027368,94164.078638,0.000000,98438.267871,98433.223691,0.000000,130922.570270
657,0.027406,93976.998961,0.000000,98438.267871,98433.223691,0.000000,130922.570270
658,0.027559,93219.408059,0.000000,98438.267871,98433.223691,0.000000,130922.570270
659,0.027577,93128.927706,0.000000,98438.267871,98433.223691,0.000000,130922.570270
660,0.027592,93058.422820,0.000000,98438.267871,98433.223691,0.000000,130922.570270
661,0.027768,92175.737891,0.000000,98438.267871,98433.223691,0.000000,130922.570270
662,0.027804,91996.369763,0.000000,98438.267871,98433.223691,0.000000,130922.570270
663,0.027817,91929.932527,0.000000,98438.267871,98433.223691,0.000000,130922.570270
664,0.027819,91919.188629,0.000000,98438.267871,98433.223691,0.000000,130922.570270
665,0.027871,91659.489547,0.000000,98438.267871,98433.223691,0.000000,130922.570270
666,0.027898,91519.263120,0.000000,98438.267871,98433.223691,0.000000,130922.570270
667,0.027921,91403.835286,0.000000,98438.267871,98433.223691,0.000000,130922.570270
668,0.028097,90507.138345,0.000000,98438.267871,98433.223691,0.000000,130922.570270
669,0.028133,90322.279001,0.000000,98438.267871,98433.223691,0.000000,130922.570270
670,0.028152,90228.620546,0.000000,98438.267871,98433.223691,0.000000,130922.570270
671,0.028170,90136.738848,0.000000,98438.267871,98433.223691,0.000000,130922.570270
672,0.028177,90100.103902,0.000000,98438.267871,98433.223691,0.000000,130922.570270
673,0.028196,90003.660226,123468.759589,98438.267871,98433.223691,0.000000,130922.570270
674,0.028232,89815.653126,0.000000,98438.267871,98433.223691,0.000000,130922.570270
675,0.028301,89459.642050,0.000000,98438.267871,98433.223691,0.000000,130922.570270
676,0.028338,89269.389150,0.000000,98438.267871,98433.223691,0.000000,130922.570270
677,0.028379,89054.813394,0.000000,98438.267871,98433.223691,0.000000,130922.570270
678,0.028467,88595.002774,0.000000,98438.267871,98433.223691,0.000000,130922.570270
679,0.028477,88546.708897,0.000000,98438.267871,98433.223691,0.000000,130922.570270
680,0.028483,88511.721236,0.000000,98438.267871,98433.223691,0.000000,130922.570270
681,0.028736,87179.381508,0.000000,98438.267871,98433.223691,0.000000,130922.570270
682,0.028784,86925.730841,0.000000,98438.267871,98433.223691,0.000000,130922.570270
683,0.028846,86590.884571,0.000000,98438.267871,98433.223691,0.000000,130922.570270
684,0.028860,86520.522642,0.000000,98438.267871,98433.223691,0.000000,130922.570270
685,0.028895,86331.757957,0.000000,98438.267871,98433.223691,0.000000,130922.570270
686,0.028907,86266.083082,0.000000,98438.267871,98433.223691,0.000000,130922.570270
687,0.028908,86261.438181,0.000000,98438.267871,98433.223691,0.000000,130922.570270
688,0.028922,86187.081918,0.000000,98438.267871,98433.223691,0.000000,130922.570270
689,0.028923,86179.679591,0.000000,98438.267871,98433.223691,0.000000,130922.570270
690,0.028930,86142.327224,123455.903082,98438.267871,98433.223691,0.000000,130922.570270
691,0.028953,86021.183142,0.000000,98438.267871,98433.223691,0.000000,130922.570270
692,0.029018,85669.430228,0.000000,98438.267871,98433.223691,0.000000,130922.570270
693,0.029052,85483.647137,0.000000,98438.267871,98433.223691,0.000000,130922.570270
694,0.029105,85195.449394,0.000000,98438.267871,98433.223691,0.000000,130922.570270
695,0.029176,84809.302792,0.000000,98438.267871,98433.223691,0.000000,130922.570270
696,0.029192,84723.224901,0.000000,98438.267871,98433.223691,0.000000,130922.570270
697,0.029311,84069.894331,0.000000,98438.267871,98433.223691,0.000000,130922.570270
698,0.029382,83678.556126,0.000000,98438.267871,98433.223691,0.000000,130922.570270
699,0.029420,83467.763296,0.000000,98438.267871,98433.223691,0.000000,130922.570270
700,0.029427,83429.615741,0.000000,98438.267871,98433.223691,0.000000,130922.570270
701,0.029469,83197.668877,0.000000,98438.267871,98433.223691,0.000000,130922.570270
702,0.029561,82681.672617,0.000000,98438.267871,98433.223691,0.000000,130922.570270
703,0.029636,82262.472312,0.000000,98438.267871,98433.223691,0.000000,130922.570270
704,0.029658,82136.923885,0.000000,98438.267871,98433.223691,0.000000,130922.570270
705,0.029701,81894.462443,0.000000,98438.267871,98433.223691,0.000000,130922.570270
706,0.029731,81725.534656,0.000000,98438.267871,98433.223691,0.000000,130922.570270
707,0.029744,81653.433915,0.000000,98438.267871,98433.223691,0.000000,130922.570270
708,0.029812,81263.721302,0.000000,98438.267871,98433.223691,0.000000,130922.570270
709,0.029814,81256.238383,0.000000,98438.267871,98433.223691,0.000000,130922.570270
710,0.029845,81075.097447,123439.886604,98438.267871,98433.223691,0.000000,130922.570270
711,0.029854,81024.219962,0.000000,98438.267871,98433.223691,0.000000,130922.570270
712,0.029922,80638.408469,0.000000,98438.267871,98433.223691,0.000000,130922.570270
713,0.030011,80123.511340,0.000000,98438.267871,98433.223691,0.000000,130922.570270
714,0.030043,79938.882079,0.000000,98438.267871,98433.223691,0.000000,130922.570270
715,0.030103,79589.179800,0.000000,98438.267871,98433.223691,0.000000,130922.570270
716,0.030119,79494.790167,0.000000,98438.267871,98433.223691,0.000000,130922.570270
717,0.030263,78655.825443,0.000000,98438.267871,98433.223691,0.000000,130922.570270
718,0.030334,78233.426595,0.000000,98438.267871,98433.223691,0.000000,130922.570270
719,0.030441,77600.749245,0.000000,98438.267871,98433.223691,0.000000,130922.570270
720,0.030445,77574.666850,0.000000,98438.267871,98433.223691,0.000000,130922.570270
721,0.030457,77504.605957,0.000000,98438.267871,98433.223691,0.000000,130922.570270
722,0.030496,77271.681604,0.000000,98438.267871,98433.223691,0.000000,130922.570270
723,0.030559,76889.358033,0.000000,98438.267871,98433.223691,0.000000,130922.570270
724,0.030707,75998.607740,0.000000,98438.267871,98433.223691,0.000000,130922.570270
725,0.030714,75950.879631,0.000000,98438.267871,98433.223691,0.000000,130922.570270
726,0.030780,75547.486441,0.000000,98438.267871,98433.223691,0.000000,130922.570270
727,0.030844,75155.870152,0.000000,98438.267871,98433.223691,0.000000,130922.570270
728,0.030908,74763.051806,0.000000,98438.267871,98433.223691,0.000000,130922.570270
729,0.031004,74165.340663,0.000000,98438.267871,98433.223691,0.000000,130922.570270
730,0.031044,73916.452842,0.000000,98438.267871,98433.223691,118214.262681,130922.570270
731,0.031099,73572.578804,0.000000,98438.267871,98433.223691,0.000000,130922.570270
732,0.031111,73493.703213,0.000000,98438.267871,98433.223691,0.000000,130922.570270
733,0.031148,73261.219838,123417.090941,98438.267871,98433.223691,0.000000,130922.570270
734,0.031159,73192.907514,0.000000,98438.267871,98433.223691,0.000000,130922.570270
735,0.031167,73141.015865,0.000000,98438.267871,98433.223691,0.000000,130922.570270
736,0.031178,73068.697097,0.000000,98438.267871,98433.223691,0.000000,130922.570270
737,0.031217,72822.396922,0.000000,98438.267871,98433.223691,0.000000,130922.570270
738,0.031219,72812.671902,0.000000,98438.267871,98433.223691,0.000000,130922.570270
739,0.031264,72525.319854,0.000000,98438.267871,98433.223691,0.000000,130922.570270
740,0.031280,72421.821361,0.000000,98438.267871,98433.223691,0.000000,130922.570270
741,0.031290,72356.444840,0.000000,98438.267871,98433.223691,0.000000,130922.570270
742,0.031308,72245.237178,0.000000,98438.267871,98433.223691,0.000000,130922.570270
743,0.031386,71738.822162,0.000000,98438.267871,98433.223691,0.000000,130922.570270
744,0.031425,71486.891432,0.000000,98438.267871,98433.223691,0.000000,130922.570270
745,0.031456,71286.035122,0.000000,98438.267871,98433.223691,0.000000,130922.570270
746,0.031734,69459.721285,0.000000,98438.267871,98433.223691,0.000000,130922.570270
747,0.031805,68986.559828,0.000000,98438.267871,98433.223691,0.000000,130922.570270
748,0.031907,68297.698380,0.000000,98438.267871,98433.223691,0.000000,130922.570270
749,0.031912,68263.106515,0.000000,98438.267871,98433.223691,0.000000,130922.570270
750,0.031985,67763.070236,0.000000,98438.267871,98433.223691,0.000000,130922.570270
751,0.031991,67726.747972,0.000000,98438.267871,98433.223691,0.000000,130922.570270
752,0.032000,67661.984725,0.000000,98438.267871,98433.223691,0.000000,130922.570270
753,0.032008,67605.892289,0.000000,98438.267871,98433.223691,0.000000,130922.570270
754,0.032011,67586.677036,0.000000,98438.267871,98433.223691,0.000000,130922.570270
755,0.032022,67510.742072,0.000000,98438.267871,98433.223691,0.000000,130922.570270
756,0.032117,66857.070321,0.000000,98438.267871,98433.223691,0.000000,130922.570270
757,0.032134,66736.767905,0.000000,98438.267871,98433.223691,0.000000,130922.570270
758,0.032467,64387.243061,0.000000,98438.267871,98433.223691,0.000000,130922.570270
759,0.032478,64310.863408,0.000000,98438.267871,98433.223691,0.000000,130922.570270
760,0.032513,64053.752313,123393.192000,98438.267871,98433.223691,0.000000,130922.570270
761,0.032584,63544.452985,0.000000,98438.267871,98433.223691,0.000000,130922.570270
762,0.032627,63226.843117,123391.202507,98438.267871,98433.223691,0.000000,130922.570270
763,0.032643,63112.727727,0.000000,98438.267871,98433.223691,0.000000,130922.570270
764,0.032703,62672.402508,0.000000,98438.267871,98433.223691,0.000000,130922.570270
765,0.032756,62279.541028,0.000000,98438.267871,98433.223691,0.000000,130922.570270
766,0.032861,61491.439756,0.000000,98438.267871,98433.223691,0.000000,130922.570270
767,0.032865,61457.228212,0.000000,98438.267871,98433.223691,0.000000,130922.570270
768,0.032970,60664.373536,0.000000,98438.267871,98433.223691,0.000000,130922.570270
769,0.033130,59432.510905,0.000000,98438.267871,98433.223691,0.000000,130922.570270
770,0.033255,58448.780931,0.000000,98438.267871,98433.223691,0.000000,130922.570270
771,0.033313,57984.818633,0.000000,98438.267871,98433.223691,0.000000,130922.570270
772,0.033484,56608.343752,123376.210241,98438.267871,98433.223691,0.000000,130922.570270
773,0.033496,56508.974497,123375.997767,98438.267871,98433.223691,0.000000,130922.570270
774,0.033525,56269.807138,123375.487904,98438.267871,98433.223691,0.000000,130922.570270
775,0.033552,56050.365712,0.000000,98438.267871,98433.223691,0.000000,130922.570270
776,0.033559,55986.699455,0.000000,98438.267871,98433.223691,0.000000,130922.570270
777,0.033702,54796.981532,123372.395757,98438.267871,98433.223691,0.000000,130922.570270
778,0.033703,54783.457634,0.000000,98438.267871,98433.223691,0.000000,130922.570270
779,0.033808,53888.997105,0.000000,98438.267871,98433.223691,0.000000,130922.570270
780,0.033887,53210.532980,0.000000,98438.267871,98433.223691,0.000000,130922.570270
781,0.033891,53173.322321,0.000000,98438.267871,98433.223691,0.000000,130922.570270
782,0.033963,52547.072585,0.000000,98438.267871,98433.223691,0.000000,130922.570270
783,0.033985,52345.951510,0.000000,98438.267871,98433.223691,0.000000,130922.570270
784,0.034103,51292.652534,0.000000,98438.267871,98433.223691,0.000000,130922.570270
785,0.034122,51121.366540,0.000000,98438.267871,98433.223691,0.000000,130922.570270
786,0.034165,50728.357804,0.000000,98438.267871,98433.223691,0.000000,130922.570270
787,0.034185,50546.046997,0.000000,98438.267871,98433.223691,0.000000,130922.570270
788,0.034239,50050.760248,123362.989159,98438.267871,98433.223691,0.000000,130922.570270
789,0.034328,49225.739321,0.000000,98438.267871,98433.223691,0.000000,130922.570270
790,0.034453,48031.775200,0.000000,98438.267871,98433.223691,0.000000,130922.570270
791,0.034469,47880.844420,0.000000,98438.267871,98433.223691,0.000000,130922.570270
792,0.034520,47384.688670,0.000000,98438.267871,98433.223691,0.000000,130922.570270
793,0.034572,46874.313323,0.000000,98438.267871,98433.223691,0.000000,130922.570270
794,0.034649,46102.321023,0.000000,98438.267871,98433.223691,0.000000,130922.570270
795,0.034784,44731.977856,0.000000,98438.267871,98433.223691,0.000000,130922.570270
796,0.034805,44510.873452,0.000000,98438.267871,98433.223691,0.000000,130922.570270
797,0.034874,43786.305617,0.000000,98438.267871,98433.223691,0.000000,130922.570270
798,0.034900,43510.042746,0.000000,98438.267871,98433.223691,0.000000,130922.570270
799,0.034919,43309.700961,0.000000,98438.267871,98433.223691,0.000000,130922.570270
800,0.034933,43156.793722,0.000000,98438.267871,98433.223691,0.000000,130922.570270
801,0.034956,42908.520858,0.000000,98438.267871,98433.223691,0.000000,130922.570270
802,0.035038,42022.872843,0.000000,98438.267871,98433.223691,0.000000,130922.570270
803,0.035058,41801.077561,0.000000,98438.267871,98433.223691,0.000000,130922.570270
804,0.035122,41078.562185,0.000000,98438.267871,98433.223691,0.000000,130922.570270
805,0.035172,40510.141392,0.000000,98438.267871,98433.223691,0.000000,130922.570270
806,0.035191,40301.337599,0.000000,98438.267871,98433.223691,0.000000,130922.570270
807,0.035351,38409.486129,0.000000,98438.267871,98433.223691,0.000000,130922.570270
808,0.035572,35657.773532,0.000000,98438.267871,98433.223691,0.000000,130922.570270
809,0.035741,33383.415920,0.000000,98438.267871,98433.223691,0.000000,130922.570270
810,0.035796,32621.751165,0.000000,98438.267871,98433.223691,0.000000,130922.570270
811,0.035836,32037.777681,0.000000,98438.267871,98433.223691,0.000000,130922.570270
812,0.035882,31371.793575,0.000000,98438.267871,98433.223691,0.000000,130922.570270
813,0.035898,31126.899111,123333.950654,98438.267871,98433.223691,0.000000,130922.570270
814,0.035922,30778.850366,0.000000,98438.267871,98433.223691,0.000000,130922.570270
815,0.035961,30186.765125,123332.861030,98438.267871,98433.223691,0.000000,130922.570270
816,0.035980,29887.077315,0.000000,98438.267871,98433.223691,0.000000,130922.570270
817,0.036016,29323.204205,0.000000,98438.267871,98433.223691,0.000000,130922.570270
818,0.036031,29087.179795,0.000000,98438.267871,98433.223691,0.000000,130922.570270
819,0.036119,27656.893253,0.000000,98438.267871,98433.223691,0.000000,130922.570270
820,0.036119,27651.312895,0.000000,98438.267871,98433.223691,0.000000,130922.570270
821,0.036127,27513.929877,0.000000,98438.267871,98433.223691,0.000000,130922.570270
822,0.036132,27431.749501,0.000000,98438.267871,98433.223691,0.000000,130922.570270
823,0.036225,25810.793154,0.000000,98438.267871,98433.223691,0.000000,130922.570270
824,0.036257,25234.207130,0.000000,98438.267871,98433.223691,0.000000,130922.570270
825,0.036353,23403.309522,0.000000,98438.267871,98433.223691,0.000000,130922.570270
826,0.036416,22122.862739,0.000000,98438.267871,98433.223691,0.000000,130922.570270
827,0.036480,20753.060257,0.000000,98438.267871,98433.223691,0.000000,130922.570270
828,0.036514,19982.770579,0.000000,98438.267871,98433.223691,0.000000,130922.570270
829,0.036549,19155.695694,0.000000,98438.267871,98433.223691,0.000000,130922.570270
830,0.036635,16949.629919,0.000000,98438.267871,98433.223691,0.000000,130922.570270
831,0.036637,16877.093341,123321.020105,98438.267871,98433.223691,0.000000,130922.570270
832,0.036639,16831.727251,0.000000,98438.267871,98433.223691,0.000000,130922.570270
833,0.036698,15124.323643,0.000000,98438.267871,98433.223691,0.000000,130922.570270
834,0.036698,15107.316769,123319.950093,98438.267871,98433.223691,0.000000,130922.570270
835,0.036710,14737.127083,0.000000,98438.267871,98433.223691,0.000000,130922.570270
836,0.036782,12268.739647,0.000000,98438.267871,98433.223691,0.000000,130922.570270
837,0.037053,0.000000,0.000000,98438.267871,98433.223691,0.000000,130922.570270
838,0.037084,0.000000,0.000000,98438.267871,98433.223691,0.000000,130922.570270
839,0.037117,0.000000,123312.619822,98438.267871,98433.223691,0.000000,130922.570270
840,0.037134,0.000000,0.000000,98438.267871,98433.223691,0.000000,130922.570270
841,0.037301,0.000000,0.000000,98438.267871,98433.223691,0.000000,130922.570270
842,0.037308,0.000000,0.000000,98438.267871,98433.223691,0.000000,130922.570270
843,0.037318,0.000000,0.000000,98438.267871,98433.223691,0.000000,130922.570270
844,0.037452,0.000000,0.000000,98438.267871,98433.223691,0.000000,130922.570270
845,0.037462,0.000000,0.000000,98438.267871,98433.223691,0.000000,130922.570270
846,0.037481,0.000000,0.000000,98438.267871,98433.223691,0.000000,130922.570270
847,0.037555,0.000000,0.000000,98438.267871,98433.223691,0.000000,130922.570270
848,0.037628,0.000000,0.000000,98438.267871,98433.223691,0.000000,130922.570270
849,0.038073,0.000000,0.000000,98438.267871,98433.223691,0.000000,130922.570270
850,0.038180,0.000000,0.000000,98438.267871,98433.223691,0.000000,130922.570270
851,0.038198,0.000000,0.000000,98438.267871,98433.223691,0.000000,130922.570270
852,0.038237,0.000000,0.000000,98438.267871,98433.223691,0.000000,130922.570270
853,0.038335,0.000000,0.000000,98438.267871,98433.223691,0.000000,130922.570270
854,0.038401,0.000000,0.000000,98438.267871,98433.223691,0.000000,130922.570270
855,0.038487,0.000000,0.000000,98438.267871,98433.223691,0.000000,130922.570270
856,0.038658,0.000000,0.000000,98438.267871,98433.223691,0.000000,130922.570270
857,0.038667,0.000000,0.000000,98438.267871,98433.223691,0.000000,130922.570270
858,0.038721,0.000000,0.000000,98438.267871,98433.223691,0.000000,130922.570270
859,0.038745,0.000000,0.000000,98438.267871,98433.223691,0.000000,130922.570270
860,0.038766,0.000000,0.000000,98438.267871,98433.223691,0.000000,130922.570270
861,0.038835,0.000000,0.000000,98438.267871,98433.223691,0.000000,130922.570270
862,0.039003,0.000000,0.000000,98438.267871,98433.223691,0.000000,130922.570270
863,0.039049,0.000000,0.000000,98438.267871,98433.223691,0.000000,130922.570270
864,0.039112,0.000000,0.000000,98438.267871,98433.223691,0.000000,130922.570270
865,0.039172,0.000000,0.000000,98438.267871,98433.223691,0.000000,130922.570270
866,0.039423,0.000000,0.000000,98438.267871,98433.223691,0.000000,130922.570270
867,0.039430,0.000000,0.000000,98438.267871,98433.223691,0.000000,130922.570270
868,0.039431,0.000000,0.000000,98438.267871,98433.223691,0.000000,130922.570270
869,0.039517,0.000000,0.000000,98438.267871,98433.223691,0.000000,130922.570270
870,0.039523,0.000000,0.000000,98438.267871,98433.223691,0.000000,130922.570270
871,0.039543,0.000000,0.000000,98438.267871,98433.223691,0.000000,130922.570270
872,0.039638,0.000000,0.000000,98438.267871,98433.223691,0.000000,130922.570270
873,0.039679,0.000000,0.000000,98438.267871,98433.223691,0.000000,130922.570270
874,0.039730,0.000000,0.000000,98438.267871,98433.223691,0.000000,130922.570270
875,0.039899,0.000000,123263.936488,98438.267871,98433.223691,0.000000,130922.570270
876,0.039962,0.000000,0.000000,98438.267871,98433.223691,0.000000,130922.570270
877,0.039975,0.000000,0.000000,98438.267871,98433.223691,0.000000,130922.570270
878,0.040155,0.000000,0.000000,98438.267871,98433.223691,0.000000,130922.570270
879,0.040164,0.000000,0.000000,98438.267871,98433.223691,0.000000,130922.570270
880,0.040165,0.000000,0.000000,98438.267871,98433.223691,0.000000,130922.570270
881,0.040268,0.000000,0.000000,98438.267871,98433.223691,0.000000,130922.570270
882,0.040269,0.000000,0.000000,98438.267871,98433.223691,0.000000,130922.570270
883,0.040461,0.000000,0.000000,98438.267871,98433.223691,0.000000,130922.570270
884,0.040520,0.000000,0.000000,98438.267871,98433.223691,0.000000,130922.570270
885,0.040956,0.000000,0.000000,98438.267871,98433.223691,0.000000,130922.570270
886,0.041065,0.000000,0.000000,98438.267871,98433.223691,0.000000,130922.570270
887,0.041117,0.000000,123242.609993,98438.267871,98433.223691,0.000000,130922.570270
888,0.041151,0.000000,0.000000,98438.267871,98433.223691,0.000000,130922.570270
889,0.041244,0.000000,123240.395645,98438.267871,98433.223691,0.000000,130922.570270
890,0.041407,0.000000,0.000000,98438.267871,98433.223691,0.000000,130922.570270
891,0.041494,0.000000,0.000000,98438.267871,98433.223691,0.000000,130922.570270
892,0.041532,0.000000,123235.356897,98438.267871,98433.223691,0.000000,130922.570270
893,0.041567,0.000000,0.000000,98438.267871,98433.223691,0.000000,130922.570270
894,0.041583,0.000000,0.000000,98438.267871,98433.223691,0.000000,130922.570270
895,0.041753,0.000000,0.000000,98438.267871,98433.223691,0.000000,130922.570270
896,0.042029,0.000000,0.000000,98438.267871,98433.223691,0.000000,130922.570270
897,0.042168,0.000000,0.000000,98438.267871,98433.223691,0.000000,130922.570270
898,0.042179,0.000000,0.000000,98438.267871,98433.223691,0.000000,130922.570270
899,0.042372,0.000000,0.000000,98438.267871,98433.223691,0.000000,130922.570270
900,0.042475,0.000000,0.000000,98438.267871,98433.223691,0.000000,130922.570270
901,0.042554,0.000000,0.000000,98438.267871,98433.223691,0.000000,130922.570270
902,0.042860,0.000000,0.000000,98438.267871,98433.223691,0.000000,130922.570270
903,0.043286,0.000000,0.000000,98438.267871,98433.223691,0.000000,130922.570270
904,0.043336,0.000000,0.000000,98438.267871,98433.223691,0.000000,130922.570270
905,0.043421,0.000000,0.000000,98438.267871,98433.223691,0.000000,130922.570270
906,0.043594,0.000000,0.000000,98438.267871,98433.223691,0.000000,130922.570270
907,0.043696,0.000000,0.000000,98438.267871,98433.223691,0.000000,130922.570270
908,0.043757,0.000000,0.000000,98438.267871,98433.223691,0.000000,130922.570270
909,0.043838,0.000000,0.000000,98438.267871,98433.223691,0.000000,130922.570270
910,0.043880,0.000000,123194.267934,98438.267871,98433.223691,0.000000,130922.570270
911,0.043973,0.000000,0.000000,98438.267871,98433.223691,0.000000,130922.570270
912,0.043982,0.000000,0.000000,98438.267871,98433.223691,0.000000,130922.570270
913,0.044041,0.000000,0.000000,98438.267871,98433.223691,0.000000,130922.570270
914,0.044063,0.000000,0.000000,98438.267871,98433.223691,0.000000,130922.570270
915,0.044104,0.000000,0.000000,98438.267871,98433.223691,0.000000,130922.570270
916,0.044196,0.000000,0.000000,98438.267871,98433.223691,0.000000,130922.570270
917,0.044248,0.000000,0.000000,98438.267871,98433.223691,0.000000,130922.570270
918,0.044318,0.000000,123186.591079,98438.267871,98433.223691,0.000000,130922.570270
919,0.044485,0.000000,123183.678799,98438.267871,98433.223691,0.000000,130922.570270
920,0.044725,0.000000,0.000000,98438.267871,98433.223691,0.000000,130922.570270
921,0.044831,0.000000,0.000000,98438.267871,98433.223691,0.000000,130922.570270
922,0.044902,0.000000,0.000000,98438.267871,98433.223691,0.000000,130922.570270
923,0.045051,0.000000,0.000000,98438.267871,98433.223691,0.000000,130922.570270
924,0.045233,0.000000,0.000000,98438.267871,98433.223691,0.000000,130922.570270
925,0.045341,0.000000,0.000000,98438.267871,98433.223691,0.000000,130922.570270
926,0.045735,0.000000,0.000000,98438.267871,98433.223691,0.000000,130922.570270
927,0.045769,0.000000,123161.204635,98438.267871,98433.223691,0.000000,130922.570270
928,0.046151,0.000000,0.000000,98438.267871,98433.223691,0.000000,130922.570270
929,0.046176,0.000000,0.000000,98438.267871,98433.223691,0.000000,130922.570270
930,0.046319,0.000000,123151.578357,98438.267871,98433.223691,0.000000,130922.570270
931,0.046337,0.000000,0.000000,98438.267871,98433.223691,0.000000,130922.570270
932,0.046449,0.000000,0.000000,98438.267871,98433.223691,0.000000,130922.570270
933,0.046467,0.000000,0.000000,98438.267871,98433.223691,0.000000,130922.570270
934,0.046660,0.000000,0.000000,98438.267871,98433.223691,0.000000,130922.570270
935,0.046847,0.000000,0.000000,98438.267871,98433.223691,0.000000,130922.570270
936,0.047059,0.000000,0.000000,98438.267871,98433.223691,0.000000,130922.570270
937,0.047067,0.000000,0.000000,98438.267871,98433.223691,0.000000,130922.570270
938,0.047137,0.000000,0.000000,98438.267871,98433.223691,0.000000,130922.570270
939,0.047275,0.000000,0.000000,98438.267871,98433.223691,0.000000,130922.570270
940,0.047434,0.000000,123132.061325,98438.267871,98433.223691,0.000000,130922.570270
941,0.047440,0.000000,0.000000,98438.267871,98433.223691,0.000000,130922.570270
942,0.047938,0.000000,0.000000,98438.267871,98433.223691,0.000000,130922.570270
943,0.048251,0.000000,0.000000,98438.267871,98433.223691,0.000000,130922.570270
944,0.048378,0.000000,0.000000,98438.267871,98433.223691,0.000000,130922.570270
945,0.048388,0.000000,0.000000,98438.267871,98433.223691,0.000000,130922.570270
946,0.048412,0.000000,0.000000,98438.267871,98433.223691,0.000000,130922.570270
947,0.048805,0.000000,0.000000,98438.267871,98433.223691,0.000000,130922.570270
948,0.048951,0.000000,0.000000,98438.267871,98433.223691,0.000000,130922.570270
949,0.049065,0.000000,0.000000,98438.267871,98433.223691,0.000000,130922.570270
950,0.049308,0.000000,123099.259218,98438.267871,98433.223691,0.000000,130922.570270
951,0.049496,0.000000,0.000000,98438.267871,98433.223691,0.000000,130922.570270
952,0.049569,0.000000,0.000000,98438.267871,98433.223691,0.000000,130922.570270
953,0.050166,0.000000,0.000000,98438.267871,98433.223691,0.000000,130922.570270
954,0.050238,0.000000,0.000000,98438.267871,98433.223691,0.000000,130922.570270
955,0.050333,0.000000,0.000000,98438.267871,98433.223691,0.000000,130922.570270
956,0.050378,0.000000,0.000000,98438.267871,98433.223691,0.000000,130922.570270
957,0.050746,0.000000,0.000000,98438.267871,98433.223691,0.000000,130922.570270
958,0.050911,0.000000,0.000000,98438.267871,98433.223691,0.000000,130922.570270
959,0.050970,0.000000,123070.162600,98438.267871,98433.223691,0.000000,130922.570270
960,0.051140,0.000000,0.000000,98438.267871,98433.223691,0.000000,130922.570270
961,0.051162,0.000000,0.000000,98438.267871,98433.223691,0.000000,130922.570270
962,0.051873,0.000000,0.000000,98438.267871,98433.223691,0.000000,130922.570270
963,0.052005,0.000000,0.000000,98438.267871,98433.223691,0.000000,130922.570270
964,0.052032,0.000000,0.000000,98438.267871,98433.223691,0.000000,130922.570270
965,0.052116,0.000000,0.000000,98438.267871,98433.223691,0.000000,130922.570270
966,0.052382,0.000000,0.000000,98438.267871,98433.223691,0.000000,130922.570270
967,0.052713,0.000000,123039.656721,98438.267871,98433.223691,0.000000,130922.570270
968,0.053034,0.000000,0.000000,98438.267871,98433.223691,0.000000,130922.570270
969,0.053109,0.000000,0.000000,98438.267871,98433.223691,0.000000,130922.570270
970,0.053255,0.000000,0.000000,98438.267871,98433.223691,0.000000,130922.570270
971,0.053639,0.000000,0.000000,98438.267871,98433.223691,0.000000,130922.570270
972,0.054093,0.000000,0.000000,98438.267871,98433.223691,0.000000,130922.570270
973,0.054149,0.000000,0.000000,98438.267871,98433.223691,0.000000,130922.570270
974,0.054267,0.000000,0.000000,98438.267871,98433.223691,0.000000,130922.570270
975,0.054380,0.000000,0.000000,98438.267871,98433.223691,0.000000,130922.570270
976,0.055764,0.000000,0.000000,98438.267871,98433.223691,0.000000,130922.570270
977,0.055796,0.000000,0.000000,98438.267871,98433.223691,0.000000,130922.570270
978,0.055919,0.000000,0.000000,98438.267871,98433.223691,0.000000,130922.570270
979,0.056010,0.000000,0.000000,98438.267871,98433.223691,0.000000,130922.570270
980,0.056335,0.000000,0.000000,98438.267871,98433.223691,0.000000,130922.570270
981,0.056503,0.000000,0.000000,98438.267871,98433.223691,0.000000,130922.570270
982,0.057460,0.000000,122956.579749,98438.267871,98433.223691,0.000000,130922.570270
983,0.057536,0.000000,0.000000,98438.267871,98433.223691,0.000000,130922.570270
984,0.058003,0.000000,0.000000,98438.267871,98433.223691,0.000000,130922.570270
985,0.058248,0.000000,0.000000,98438.267871,98433.223691,0.000000,130922.570270
986,0.058363,0.000000,0.000000,98438.267871,98433.223691,0.000000,130922.570270
987,0.058626,0.000000,0.000000,98438.267871,98433.223691,0.000000,130922.570270
988,0.058633,0.000000,0.000000,98438.267871,98433.223691,0.000000,130922.570270
989,0.059155,0.000000,0.000000,98438.267871,98433.223691,0.000000,130922.570270
990,0.059310,0.000000,0.000000,98438.267871,98433.223691,0.000000,130922.570270
991,0.060577,0.000000,0.000000,98438.267871,98433.223691,0.000000,130922.570270
992,0.061157,0.000000,0.000000,98438.267871,98433.223691,0.000000,130922.570270
993,0.063552,0.000000,122849.949871,98438.267871,98433.223691,0.000000,130922.570270
994,0.063621,0.000000,0.000000,98438.267871,98433.223691,0.000000,130922.570270
995,0.063715,0.000000,0.000000,98438.267871,98433.223691,0.000000,130922.570270
996,0.067182,0.000000,0.000000,98438.267871,98433.223691,0.000000,130922.570270
997,0.068952,0.000000,0.000000,98438.267871,98433.223691,0.000000,130922.570270
998,0.075324,0.000000,0.000000,98438.267871,98433.223691,0.000000,130922.570270
999,0.078234,0.000000,0.000000,98438.267871,98433.223691,0.000000,130922.570270
