#TimeStep,Date,DaysInPeriod,ZeroOrderDIM,AverageDIM,AverageFLOW,SimpleDIM,NettingSet
0,2016-02-19,14,1475422.310795,1474643.297966,0.000000,1411708.684502,CPTY_A
1,2016-03-04,14,1495464.286362,1493431.854990,0.000000,1464002.757178,CPTY_A
2,2016-03-18,14,1515055.786767,1503231.267777,0.000000,1563413.466791,CPTY_A
3,2016-04-01,14,1486154.834437,1484876.518449,0.000000,1600891.113723,CPTY_A
4,2016-04-15,14,1504988.938877,1501487.161279,153879.267891,1617727.123202,CPTY_A
5,2016-04-29,14,1354760.146825,1350674.199345,0.000000,1358915.978951,CPTY_A
6,2016-05-13,14,1563599.639905,1555150.579811,0.000000,1427506.731915,CPTY_A
7,2016-05-27,14,1460812.099636,1456648.372533,0.000000,1446512.875536,CPTY_A
8,2016-06-10,14,1502321.395104,1482845.675235,0.000000,1608328.019829,CPTY_A
9,2016-06-24,14,1433835.234565,1425075.978792,0.000000,1403578.854815,CPTY_A
10,2016-07-08,14,1437245.421713,1422912.834671,134576.100008,1319819.467267,CPTY_A
11,2016-07-22,14,1442241.985302,1431465.994512,0.000000,1402194.404839,CPTY_A
12,2016-08-05,14,1452327.043003,1432162.576004,0.000000,1480998.471177,CPTY_A
13,2016-08-19,14,1445404.872634,1428488.726290,0.000000,1595988.516840,CPTY_A
14,2016-09-02,14,1396870.119881,1390144.280729,0.000000,1436174.968231,CPTY_A
15,2016-09-16,14,1419027.251763,1404060.842968,0.000000,1381173.018346,CPTY_A
16,2016-09-30,14,1449013.912505,1434122.716947,0.000000,1539079.661810,CPTY_A
17,2016-10-14,14,1421278.986133,1411801.463240,128659.718846,1445577.752250,CPTY_A
18,2016-10-28,17,1370131.337551,1357616.840424,0.000000,1536970.258357,CPTY_A
19,2016-11-14,11,1395018.947983,1379901.999845,0.000000,1457728.077914,CPTY_A
20,2016-11-25,14,1377790.761943,1361732.311362,0.000000,1402886.642718,CPTY_A
21,2016-12-09,14,1395793.153743,1367850.132017,0.000000,1439022.436909,CPTY_A
22,2016-12-23,14,1353852.499521,1341674.441013,0.000000,1406292.086937,CPTY_A
23,2017-01-06,14,1407121.535905,1392737.780498,0.000000,1480363.791180,CPTY_A
24,2017-01-20,14,1400744.809229,1382435.598547,118553.684686,1437865.854349,CPTY_A
25,2017-02-03,14,1295746.088518,1268830.794855,0.000000,1214369.085161,CPTY_A
26,2017-02-17,14,1231997.376477,1213936.371974,0.000000,1273436.286500,CPTY_A
27,2017-03-03,14,1244638.744980,1234711.383527,0.000000,1314040.869241,CPTY_A
28,2017-03-17,14,1251029.080342,1235159.413004,0.000000,1296076.445413,CPTY_A
29,2017-03-31,18,1251453.714028,1237522.984547,0.000000,1225589.372568,CPTY_A
30,2017-04-18,10,1229429.854826,1215878.844704,116638.472319,1184876.941998,CPTY_A
31,2017-04-28,14,1203655.394073,1190171.656076,0.000000,1311927.603528,CPTY_A
32,2017-05-12,14,1216771.716492,1200523.939595,0.000000,1262121.013893,CPTY_A
33,2017-05-26,14,1223573.926066,1205757.700174,0.000000,1247987.932536,CPTY_A
34,2017-06-09,14,1212003.715497,1195418.078578,0.000000,1233666.710363,CPTY_A
35,2017-06-23,14,1241125.291339,1214832.446238,0.000000,1337624.979758,CPTY_A
36,2017-07-07,14,1230649.378882,1213555.305653,0.000000,1210177.168798,CPTY_A
37,2017-07-21,14,1205198.597242,1186711.367042,111622.864344,1273205.320780,CPTY_A
38,2017-08-04,14,1192854.993945,1166035.866565,0.000000,1207546.708302,CPTY_A
39,2017-08-18,14,1149760.952086,1142520.866237,0.000000,1148152.965050,CPTY_A
40,2017-09-01,14,1172327.978659,1148962.448254,0.000000,1177327.173388,CPTY_A
41,2017-09-15,14,1194779.216884,1163779.377086,0.000000,1295836.066088,CPTY_A
42,2017-09-29,14,1181917.878428,1162729.816043,0.000000,1390869.152033,CPTY_A
43,2017-10-13,14,1166413.752350,1145659.229127,109998.464390,1224600.141437,CPTY_A
44,2017-10-27,17,1126112.554059,1107714.750115,0.000000,1209293.829689,CPTY_A
45,2017-11-13,11,1139015.988986,1114745.365680,0.000000,1218347.956882,CPTY_A
46,2017-11-24,14,1122792.857378,1103185.898083,0.000000,1184478.478404,CPTY_A
47,2017-12-08,14,1158610.505577,1139076.476990,0.000000,1254117.991563,CPTY_A
48,2017-12-22,14,1095824.054789,1073634.974021,0.000000,1175344.975867,CPTY_A
49,2018-01-05,14,1154186.438882,1127126.355235,0.000000,1143583.147226,CPTY_A
50,2018-01-19,14,1127368.808495,1094539.148080,108615.888816,1094485.909387,CPTY_A
51,2018-02-02,14,1006802.243806,985643.825382,0.000000,1067006.005562,CPTY_A
52,2018-02-16,14,998019.168893,976065.373780,0.000000,979566.487014,CPTY_A
53,2018-03-02,14,984021.052410,966604.747363,0.000000,1025704.288522,CPTY_A
54,2018-03-16,18,1012758.423780,979115.557044,0.000000,1048414.756615,CPTY_A
55,2018-04-03,10,992191.759668,967898.588716,0.000000,1007396.435929,CPTY_A
56,2018-04-13,14,1003392.190600,976517.767027,91106.948857,991282.184817,CPTY_A
57,2018-04-27,14,951669.873529,937439.440001,0.000000,944723.401002,CPTY_A
58,2018-05-11,14,944730.810594,920801.436537,0.000000,987792.763963,CPTY_A
59,2018-05-25,14,959599.953912,940006.572405,0.000000,1033427.381147,CPTY_A
60,2018-06-08,14,962042.282052,939459.043482,0.000000,1013873.946467,CPTY_A
61,2018-06-22,14,982697.008265,945942.618077,0.000000,1037425.969981,CPTY_A
62,2018-07-06,14,966822.666094,941248.395364,0.000000,955310.277608,CPTY_A
63,2018-07-20,14,952528.372596,922801.079100,86471.424332,952650.066830,CPTY_A
64,2018-08-03,14,893569.773886,875794.220043,0.000000,949870.140557,CPTY_A
65,2018-08-17,14,911139.570967,884826.727126,0.000000,890207.917886,CPTY_A
66,2018-08-31,14,919520.323412,893449.458610,0.000000,996454.715169,CPTY_A
67,2018-09-14,14,939016.758948,908145.844249,0.000000,1094511.673112,CPTY_A
68,2018-09-28,14,945521.446425,910354.880974,0.000000,1054227.768118,CPTY_A
69,2018-10-12,14,917935.429065,888626.002115,84741.941850,965766.358601,CPTY_A
70,2018-10-26,14,890318.331260,863462.872258,0.000000,995157.954625,CPTY_A
71,2018-11-09,14,894656.430050,867535.589296,0.000000,953661.013197,CPTY_A
72,2018-11-23,14,898349.132140,866088.292701,0.000000,899343.236684,CPTY_A
73,2018-12-07,14,894450.675886,860846.991188,0.000000,921698.620279,CPTY_A
74,2018-12-21,14,894959.768883,863399.688614,0.000000,985683.492534,CPTY_A
75,2019-01-04,14,899017.678110,855981.003540,0.000000,914040.944800,CPTY_A
76,2019-01-18,14,905093.720783,855812.740934,84562.967154,1006847.477267,CPTY_A
77,2019-02-01,14,846375.958500,802185.067763,0.000000,944700.061102,CPTY_A
78,2019-02-15,14,807941.903965,789886.444268,0.000000,840588.716560,CPTY_A
79,2019-03-01,14,824695.272897,792858.161730,0.000000,924127.374791,CPTY_A
80,2019-03-15,14,812431.387442,778731.812993,0.000000,852873.054552,CPTY_A
81,2019-03-29,14,805692.524195,780175.822237,0.000000,803831.371698,CPTY_A
82,2019-04-12,14,785980.888140,760160.356481,66232.999187,804605.949400,CPTY_A
83,2019-04-26,14,806599.646556,751371.899455,0.000000,887841.457700,CPTY_A
84,2019-05-10,14,810506.294873,762322.825846,0.000000,858169.356803,CPTY_A
85,2019-05-24,14,778253.087794,747261.172877,0.000000,851983.277069,CPTY_A
86,2019-06-07,14,780682.371784,754886.573018,0.000000,841795.263156,CPTY_A
87,2019-06-21,14,790019.199630,753924.693433,0.000000,877864.765249,CPTY_A
88,2019-07-05,14,783617.405380,753563.918132,0.000000,804462.198979,CPTY_A
89,2019-07-19,14,785862.098771,751757.739498,59468.484814,851741.385181,CPTY_A
90,2019-08-02,14,720434.068629,700269.432925,0.000000,757985.430224,CPTY_A
91,2019-08-16,14,757834.734917,727773.949842,0.000000,805366.740749,CPTY_A
92,2019-08-30,14,756737.838998,718997.317207,0.000000,841437.434538,CPTY_A
93,2019-09-13,14,739252.936233,716849.799876,0.000000,756421.417656,CPTY_A
94,2019-09-27,14,751997.506504,719631.936208,0.000000,851232.792722,CPTY_A
95,2019-10-11,14,752629.659318,722035.798789,59140.915811,783069.472705,CPTY_A
96,2019-10-25,14,692478.527317,670940.899369,0.000000,709012.085572,CPTY_A
97,2019-11-08,14,689883.087600,665766.434898,0.000000,784795.342451,CPTY_A
98,2019-11-22,14,700250.653149,677729.016618,0.000000,712756.577114,CPTY_A
99,2019-12-06,14,712557.645609,683672.900641,0.000000,819248.161247,CPTY_A
100,2019-12-20,14,686680.771158,662296.120525,0.000000,705674.475361,CPTY_A
101,2020-01-03,14,713590.099258,676144.621740,0.000000,840408.707010,CPTY_A
102,2020-01-17,14,704080.271706,673105.918095,57538.522004,809784.706584,CPTY_A
103,2020-01-31,14,689445.982778,650397.038421,0.000000,737611.266329,CPTY_A
104,2020-02-14,14,660784.871267,632560.668324,0.000000,754061.723730,CPTY_A
105,2020-02-28,14,662414.793230,643936.120929,0.000000,731592.681716,CPTY_A
106,2020-03-13,14,661333.288465,640072.920204,0.000000,688330.755243,CPTY_A
107,2020-03-27,18,679692.233467,643706.709076,0.000000,790253.237129,CPTY_A
108,2020-04-14,10,661787.694275,630526.298277,39532.530472,749732.580946,CPTY_A
109,2020-04-24,14,652341.799979,615899.935057,0.000000,705167.466288,CPTY_A
110,2020-05-08,14,631672.676460,602289.108282,0.000000,695604.544067,CPTY_A
111,2020-05-22,14,619573.690218,590647.253698,0.000000,667703.962845,CPTY_A
112,2020-06-05,14,638743.463073,603712.514191,0.000000,649295.428418,CPTY_A
113,2020-06-19,17,635363.393425,602481.286038,0.000000,683882.873713,CPTY_A
114,2020-07-06,11,637363.490563,605569.432914,0.000000,747603.336143,CPTY_A
115,2020-07-17,14,641751.514928,607601.400658,35024.378258,679971.241003,CPTY_A
116,2020-07-31,14,597710.612831,568555.476822,0.000000,621457.207039,CPTY_A
117,2020-08-14,14,570254.454124,547966.070024,0.000000,605010.624972,CPTY_A
118,2020-08-28,14,595332.496085,567569.696192,0.000000,639279.500737,CPTY_A
119,2020-09-11,14,602886.023097,556560.381123,0.000000,676250.304896,CPTY_A
120,2020-09-25,14,604686.559193,568164.280587,0.000000,643284.520364,CPTY_A
121,2020-10-09,14,602009.037477,561287.076078,33822.645141,637939.121059,CPTY_A
122,2020-10-23,14,561373.153205,530261.881393,0.000000,620387.047551,CPTY_A
123,2020-11-06,14,547317.354721,521015.083667,0.000000,584412.666772,CPTY_A
124,2020-11-20,14,555883.710800,522494.182587,0.000000,596669.802256,CPTY_A
125,2020-12-04,14,569992.186593,535764.471040,0.000000,623717.960818,CPTY_A
126,2020-12-18,17,570356.527550,544816.928399,0.000000,630680.267780,CPTY_A
127,2021-01-04,11,554901.886430,531948.076385,0.000000,617486.124070,CPTY_A
128,2021-01-15,14,554511.205528,517047.586355,32655.858167,547291.958084,CPTY_A
129,2021-01-29,14,555998.472827,370901.801264,0.000000,562641.626176,CPTY_A
130,2021-02-12,14,521511.497047,466831.427561,0.000000,548892.850327,CPTY_A
131,2021-02-26,14,524824.361212,478272.840692,0.000000,586198.687314,CPTY_A
132,2021-03-12,14,474231.592696,435930.206846,0.000000,570366.997360,CPTY_A
133,2021-03-26,14,575535.466276,452195.977866,0.000000,664058.691050,CPTY_A
134,2021-04-09,14,487148.011942,460822.041707,15718.933760,495585.590874,CPTY_A
135,2021-04-23,14,455215.976980,432073.805359,0.000000,490235.990848,CPTY_A
136,2021-05-07,14,466632.016455,423453.226355,0.000000,452129.407064,CPTY_A
137,2021-05-21,14,474212.092808,442743.435883,0.000000,523986.089529,CPTY_A
138,2021-06-04,14,478916.591508,441656.639998,0.000000,519759.080348,CPTY_A
139,2021-06-18,14,487665.897068,440969.059790,0.000000,525388.425355,CPTY_A
140,2021-07-02,14,486407.030720,452112.779986,0.000000,460753.419110,CPTY_A
141,2021-07-16,14,467409.095369,439628.796717,11256.802512,427318.279668,CPTY_A
142,2021-07-30,14,435264.842886,410357.246870,0.000000,446295.994271,CPTY_A
143,2021-08-13,14,435218.555970,405901.916175,0.000000,456931.537679,CPTY_A
144,2021-08-27,14,431106.228499,403412.923935,0.000000,461145.365035,CPTY_A
145,2021-09-10,14,419852.404972,402106.219881,0.000000,439126.696380,CPTY_A
146,2021-09-24,14,447979.999383,387912.248151,0.000000,438276.519857,CPTY_A
147,2021-10-08,14,424456.083332,405099.466811,8833.420674,463220.485831,CPTY_A
148,2021-10-22,14,431095.316274,400482.893482,0.000000,478454.685231,CPTY_A
149,2021-11-05,14,413680.243314,321342.845724,0.000000,461388.680376,CPTY_A
150,2021-11-19,14,412375.459227,382930.964473,0.000000,410917.640391,CPTY_A
151,2021-12-03,14,406480.087472,376183.106988,0.000000,456425.492485,CPTY_A
152,2021-12-17,18,394639.188194,371019.001607,0.000000,431757.144823,CPTY_A
153,2022-01-04,10,393759.181374,365040.691325,0.000000,413646.007256,CPTY_A
154,2022-01-14,14,392434.179447,367180.440569,9017.078147,450201.448767,CPTY_A
155,2022-01-28,14,363182.909354,343556.334179,0.000000,444394.545868,CPTY_A
156,2022-02-11,14,372850.022782,342846.408025,0.000000,391408.050873,CPTY_A
157,2022-02-25,14,365880.492796,331367.654414,0.000000,407730.453787,CPTY_A
158,2022-03-11,14,375798.079591,344008.917220,0.000000,396744.232696,CPTY_A
159,2022-03-25,14,376443.582120,334332.098341,0.000000,381319.173487,CPTY_A
160,2022-04-08,14,346611.629513,330351.402188,7449.710189,366150.855724,CPTY_A
161,2022-04-22,14,368981.992050,318013.973144,0.000000,391566.179835,CPTY_A
162,2022-05-06,14,348507.514481,318279.949642,0.000000,410078.004358,CPTY_A
163,2022-05-20,14,331065.241931,310394.280665,0.000000,350759.192728,CPTY_A
164,2022-06-03,14,321537.759407,284070.547324,0.000000,336820.380689,CPTY_A
165,2022-06-17,14,337324.142437,312523.866942,0.000000,399919.795721,CPTY_A
166,2022-07-01,14,336538.118118,312458.723439,0.000000,393784.652079,CPTY_A
167,2022-07-15,14,318815.113884,301486.865367,2743.124143,324987.741084,CPTY_A
168,2022-07-29,14,302126.107376,272680.363950,0.000000,342036.584315,CPTY_A
169,2022-08-12,14,292833.666780,273427.354839,0.000000,326959.076935,CPTY_A
170,2022-08-26,14,293782.837537,274282.244182,0.000000,328690.202994,CPTY_A
171,2022-09-09,14,302357.414401,281037.923160,0.000000,359036.002030,CPTY_A
172,2022-09-23,14,306700.377288,287268.645687,0.000000,302199.489589,CPTY_A
173,2022-10-07,14,307247.362752,283937.388449,0.000000,354088.033224,CPTY_A
174,2022-10-21,14,294645.462899,276188.488538,2585.519693,324745.592274,CPTY_A
175,2022-11-04,14,260026.182868,238072.832694,0.000000,287216.036234,CPTY_A
176,2022-11-18,14,269632.705043,245972.759995,0.000000,295961.839890,CPTY_A
177,2022-12-02,14,256425.071302,238850.003668,0.000000,281036.266506,CPTY_A
178,2022-12-16,14,258248.196809,239842.114185,0.000000,280576.318617,CPTY_A
179,2022-12-30,14,253772.988343,236893.058152,0.000000,266030.106878,CPTY_A
180,2023-01-13,14,246112.220838,231170.423219,1880.183981,247960.519549,CPTY_A
181,2023-01-27,14,211906.670594,199521.369091,0.000000,221261.891990,CPTY_A
182,2023-02-10,14,196536.166613,179229.217096,0.000000,210538.605248,CPTY_A
183,2023-02-24,14,192950.784949,176850.963043,0.000000,207435.215015,CPTY_A
184,2023-03-10,14,200054.721461,133505.225539,0.000000,197367.718650,CPTY_A
185,2023-03-24,18,193747.136394,177099.753375,0.000000,210147.726045,CPTY_A
186,2023-04-11,10,184564.555303,167846.450960,0.000000,205203.872242,CPTY_A
187,2023-04-21,14,179641.571234,168537.860751,-7082.792491,205219.441333,CPTY_A
188,2023-05-05,14,168969.692709,139355.764127,0.000000,205308.880863,CPTY_A
189,2023-05-19,14,160475.347934,146605.256930,0.000000,185475.642485,CPTY_A
190,2023-06-02,14,160918.306941,143901.384216,0.000000,172544.583323,CPTY_A
191,2023-06-16,14,160521.067351,146510.329421,0.000000,188837.239500,CPTY_A
192,2023-06-30,14,162995.219107,147796.395614,0.000000,169103.595286,CPTY_A
193,2023-07-14,14,156745.192739,137031.897856,-14107.044182,154672.222968,CPTY_A
194,2023-07-28,14,135272.703285,116918.908216,0.000000,156973.685273,CPTY_A
195,2023-08-11,14,126918.003072,116063.387492,0.000000,134311.771170,CPTY_A
196,2023-08-25,14,130558.532028,110559.179131,0.000000,142961.453873,CPTY_A
197,2023-09-08,14,143591.921384,97755.184972,0.000000,153282.369062,CPTY_A
198,2023-09-22,14,131743.055904,118780.294777,0.000000,151892.084958,CPTY_A
199,2023-10-06,14,133874.188845,120609.343711,0.000000,160171.198675,CPTY_A
200,2023-10-20,14,118594.217546,109977.164158,-13897.605771,129469.106195,CPTY_A
201,2023-11-03,14,101067.544025,74281.850764,0.000000,113103.830972,CPTY_A
202,2023-11-17,14,100660.630707,75422.918027,0.000000,113330.540940,CPTY_A
203,2023-12-01,14,100181.379304,80883.149849,0.000000,110481.939325,CPTY_A
204,2023-12-15,14,95773.016582,88745.855418,0.000000,110938.444171,CPTY_A
205,2023-12-29,14,96341.965122,89454.005846,0.000000,107076.395666,CPTY_A
206,2024-01-12,14,90240.743453,82840.312786,-15127.365348,94687.514608,CPTY_A
207,2024-01-26,14,71602.323751,60363.634780,0.000000,78857.121398,CPTY_A
208,2024-02-09,14,71273.036256,59606.163786,0.000000,72740.597828,CPTY_A
209,2024-02-23,14,68360.881330,61919.537191,0.000000,81512.885338,CPTY_A
210,2024-03-08,14,76580.673157,60584.052461,0.000000,84993.939369,CPTY_A
211,2024-03-22,14,70680.464859,63615.213370,0.000000,79832.564904,CPTY_A
212,2024-04-05,14,69634.109661,62512.532952,0.000000,80587.349242,CPTY_A
213,2024-04-19,14,65813.023715,59910.692486,-30140.511370,71094.765358,CPTY_A
214,2024-05-03,14,41489.682001,34628.111412,0.000000,44373.689753,CPTY_A
215,2024-05-17,14,42606.688566,35425.457423,0.000000,49611.718035,CPTY_A
216,2024-05-31,14,43919.700518,31255.422753,0.000000,51544.411141,CPTY_A
217,2024-06-14,14,43505.582168,33189.150650,0.000000,46343.995763,CPTY_A
218,2024-06-28,14,42465.363249,35306.125181,0.000000,46970.844358,CPTY_A
219,2024-07-12,14,34870.653087,31356.427341,-35750.382713,38755.978938,CPTY_A
220,2024-07-26,14,16020.702831,11169.574616,0.000000,19440.697571,CPTY_A
221,2024-08-09,14,14972.112654,11572.656437,0.000000,21677.674904,CPTY_A
222,2024-08-23,14,16235.201922,11459.513986,0.000000,21156.050990,CPTY_A
223,2024-09-06,14,15094.907129,12099.923884,0.000000,17345.210506,CPTY_A
224,2024-09-20,14,15893.843164,11356.141564,0.000000,18077.882544,CPTY_A
225,2024-10-04,14,14599.033063,12024.131988,0.000000,18427.468000,CPTY_A
226,2024-10-18,14,341.101039,283.061825,-39027.414839,27.135433,CPTY_A
227,2024-11-01,14,0.000000,0.000000,0.000000,0.000000,CPTY_A
228,2024-11-15,14,0.000000,0.000000,0.000000,0.000000,CPTY_A
229,2024-11-29,14,0.000000,0.000000,0.000000,0.000000,CPTY_A
230,2024-12-13,14,0.000000,0.000000,0.000000,0.000000,CPTY_A
231,2024-12-27,14,0.000000,0.000000,0.000000,0.000000,CPTY_A
232,2025-01-10,14,0.000000,0.000000,0.000000,0.000000,CPTY_A
233,2025-01-24,14,0.000000,0.000000,0.000000,0.000000,CPTY_A
234,2025-02-07,14,0.000000,0.000000,0.000000,0.000000,CPTY_A
235,2025-02-21,14,0.000000,0.000000,0.000000,0.000000,CPTY_A
236,2025-03-07,14,0.000000,0.000000,0.000000,0.000000,CPTY_A
237,2025-03-21,14,0.000000,0.000000,0.000000,0.000000,CPTY_A
238,2025-04-04,18,0.000000,0.000000,0.000000,0.000000,CPTY_A
239,2025-04-22,10,0.000000,0.000000,0.000000,0.000000,CPTY_A
240,2025-05-02,14,0.000000,0.000000,0.000000,0.000000,CPTY_A
241,2025-05-16,14,0.000000,0.000000,0.000000,0.000000,CPTY_A
242,2025-05-30,14,0.000000,0.000000,0.000000,0.000000,CPTY_A
243,2025-06-13,14,0.000000,0.000000,0.000000,0.000000,CPTY_A
244,2025-06-27,14,0.000000,0.000000,0.000000,0.000000,CPTY_A
245,2025-07-11,14,0.000000,0.000000,0.000000,0.000000,CPTY_A
246,2025-07-25,14,0.000000,0.000000,0.000000,0.000000,CPTY_A
247,2025-08-08,14,0.000000,0.000000,0.000000,0.000000,CPTY_A
248,2025-08-22,14,0.000000,0.000000,0.000000,0.000000,CPTY_A
249,2025-09-05,14,0.000000,0.000000,0.000000,0.000000,CPTY_A
250,2025-09-19,14,0.000000,0.000000,0.000000,0.000000,CPTY_A
251,2025-10-03,14,0.000000,0.000000,0.000000,0.000000,CPTY_A
252,2025-10-17,14,0.000000,0.000000,0.000000,0.000000,CPTY_A
253,2025-10-31,14,0.000000,0.000000,0.000000,0.000000,CPTY_A
254,2025-11-14,14,0.000000,0.000000,0.000000,0.000000,CPTY_A
255,2025-11-28,14,0.000000,0.000000,0.000000,0.000000,CPTY_A
256,2025-12-12,17,0.000000,0.000000,0.000000,0.000000,CPTY_A
257,2025-12-29,11,0.000000,0.000000,0.000000,0.000000,CPTY_A
258,2026-01-09,14,0.000000,0.000000,0.000000,0.000000,CPTY_A
259,2026-01-23,14,0.000000,0.000000,0.000000,0.000000,CPTY_A
260,2026-02-06,14,0.000000,0.000000,0.000000,0.000000,CPTY_A
261,2026-02-20,14,0.000000,0.000000,0.000000,0.000000,CPTY_A
262,2026-03-06,14,0.000000,0.000000,0.000000,0.000000,CPTY_A
263,2026-03-20,18,0.000000,0.000000,0.000000,0.000000,CPTY_A
264,2026-04-07,10,0.000000,0.000000,0.000000,0.000000,CPTY_A
265,2026-04-17,18,0.000000,0.000000,0.000000,0.000000,CPTY_A
266,2026-05-05,10,0.000000,0.000000,0.000000,0.000000,CPTY_A
267,2026-05-15,14,0.000000,0.000000,0.000000,0.000000,CPTY_A
268,2026-05-29,14,0.000000,0.000000,0.000000,0.000000,CPTY_A
