#Sample,Regressor_0_EUR-EURIBOR-3M,RegressionDIM,LocalDIM,ExpectedDIM,ZeroOrderDIM,DeltaNPV,SimpleDIM
0,-0.024939,280540.408266,0.000000,85842.923979,102512.834978,-164631.935642,141479.644761
1,-0.023384,270148.144419,0.000000,85842.923979,102512.834978,-107810.551133,141479.644761
2,-0.022179,262090.431107,0.000000,85842.923979,102512.834978,58038.706935,141479.644761
3,-0.021370,256674.532744,0.000000,85842.923979,102512.834978,32216.671953,141479.644761
4,-0.020579,251377.828010,0.000000,85842.923979,102512.834978,20430.714331,141479.644761
5,-0.019820,246292.858518,0.000000,85842.923979,102512.834978,117063.095755,141479.644761
6,-0.019642,245097.672831,0.000000,85842.923979,102512.834978,102505.993908,141479.644761
7,-0.019493,244099.558504,0.000000,85842.923979,102512.834978,-53207.382981,141479.644761
8,-0.019324,242964.809926,0.000000,85842.923979,102512.834978,49313.856293,141479.644761
9,-0.019101,241469.795900,110852.157983,85842.923979,102512.834978,60655.689077,141479.644761
10,-0.018657,238489.786534,110848.179239,85842.923979,102512.834978,1962.587889,141479.644761
11,-0.018444,237064.442321,0.000000,85842.923979,102512.834978,-264069.141982,141479.644761
12,-0.018236,235664.067098,0.000000,85842.923979,102512.834978,-32161.578728,141479.644761
13,-0.017790,232674.203034,0.000000,85842.923979,102512.834978,-42110.286584,141479.644761
14,-0.017786,232645.732387,0.000000,85842.923979,102512.834978,-8170.055562,141479.644761
15,-0.017722,232212.935982,0.000000,85842.923979,102512.834978,-13752.589133,141479.644761
16,-0.017460,230455.071401,110837.460369,85842.923979,102512.834978,54318.060475,141479.644761
17,-0.017292,229325.841540,0.000000,85842.923979,102512.834978,-35624.951278,141479.644761
18,-0.016914,226784.482371,0.000000,85842.923979,102512.834978,-114267.452428,141479.644761
19,-0.016810,226085.440304,0.000000,85842.923979,102512.834978,31641.839484,141479.644761
20,-0.016692,225290.951699,0.000000,85842.923979,102512.834978,-57137.258061,141479.644761
21,-0.016630,224876.507240,0.000000,85842.923979,102512.834978,-53553.136412,141479.644761
22,-0.016618,224793.873406,0.000000,85842.923979,102512.834978,-139831.629903,141479.644761
23,-0.016297,222636.393522,0.000000,85842.923979,102512.834978,155868.357055,141479.644761
24,-0.015886,219870.873874,0.000000,85842.923979,102512.834978,34289.640442,141479.644761
25,-0.015837,219543.764856,0.000000,85842.923979,102512.834978,150427.554883,141479.644761
26,-0.015325,216089.968760,110818.331255,85842.923979,102512.834978,-150521.021153,141479.644761
27,-0.015191,215188.454557,0.000000,85842.923979,102512.834978,-127799.135792,141479.644761
28,-0.015138,214834.746558,0.000000,85842.923979,102512.834978,-58635.296348,141479.644761
29,-0.015075,214410.771258,0.000000,85842.923979,102512.834978,30820.066207,141479.644761
30,-0.014779,212414.947382,0.000000,85842.923979,102512.834978,-97867.547517,141479.644761
31,-0.014672,211695.890216,0.000000,85842.923979,102512.834978,39123.062093,141479.644761
32,-0.014662,211625.812529,0.000000,85842.923979,102512.834978,-17317.775431,141479.644761
33,-0.014275,209015.644805,0.000000,85842.923979,102512.834978,-56141.048999,141479.644761
34,-0.014153,208194.753529,0.000000,85842.923979,102512.834978,20127.775214,141479.644761
35,-0.014145,208141.768863,0.000000,85842.923979,102512.834978,2928.030591,141479.644761
36,-0.013916,206594.596453,0.000000,85842.923979,102512.834978,12538.967205,141479.644761
37,-0.013814,205905.287293,0.000000,85842.923979,102512.834978,-100885.755759,141479.644761
38,-0.013805,205846.273316,0.000000,85842.923979,102512.834978,50204.283117,141479.644761
39,-0.013792,205760.008278,110804.607384,85842.923979,102512.834978,-122934.494289,141479.644761
40,-0.013723,205291.427617,0.000000,85842.923979,102512.834978,58275.007479,141479.644761
41,-0.013609,204520.856878,0.000000,85842.923979,102512.834978,65331.827697,141479.644761
42,-0.013456,203490.948336,0.000000,85842.923979,102512.834978,56930.134451,141479.644761
43,-0.013361,202848.194626,0.000000,85842.923979,102512.834978,-18843.994923,141479.644761
44,-0.013335,202672.916471,0.000000,85842.923979,102512.834978,85934.743816,141479.644761
45,-0.013246,202070.889141,0.000000,85842.923979,102512.834978,-24034.475831,141479.644761
46,-0.013204,201785.388077,0.000000,85842.923979,102512.834978,86298.067711,141479.644761
47,-0.013161,201494.995318,0.000000,85842.923979,102512.834978,249913.632627,141479.644761
48,-0.013121,201228.345674,0.000000,85842.923979,102512.834978,12251.709609,141479.644761
49,-0.012949,200064.237168,0.000000,85842.923979,102512.834978,11562.923859,141479.644761
50,-0.012892,199680.375879,0.000000,85842.923979,102512.834978,165120.826862,141479.644761
51,-0.012888,199651.832975,0.000000,85842.923979,102512.834978,-124914.871203,141479.644761
52,-0.012862,199472.704990,0.000000,85842.923979,102512.834978,-64278.321314,141479.644761
53,-0.012716,198487.075302,0.000000,85842.923979,102512.834978,-80844.448333,141479.644761
54,-0.012714,198477.956333,110794.951304,85842.923979,102512.834978,39823.424784,141479.644761
55,-0.012705,198415.636197,0.000000,85842.923979,102512.834978,158506.709762,141479.644761
56,-0.012349,196006.537440,0.000000,85842.923979,102512.834978,-57688.177750,141479.644761
57,-0.012340,195948.362045,0.000000,85842.923979,102512.834978,22244.267795,141479.644761
58,-0.012317,195789.721839,0.000000,85842.923979,102512.834978,196577.590468,141479.644761
59,-0.012289,195599.484482,0.000000,85842.923979,102512.834978,-92412.986389,141479.644761
60,-0.012197,194978.518557,0.000000,85842.923979,102512.834978,-63918.315961,141479.644761
61,-0.012175,194831.119848,110790.121901,85842.923979,102512.834978,-9021.095958,141479.644761
62,-0.012132,194540.246657,0.000000,85842.923979,102512.834978,145635.469588,141479.644761
63,-0.012082,194200.453613,0.000000,85842.923979,102512.834978,-18783.819434,141479.644761
64,-0.011947,193289.224903,0.000000,85842.923979,102512.834978,-17922.724423,141479.644761
65,-0.011916,193075.750647,0.000000,85842.923979,102512.834978,-2494.077265,141479.644761
66,-0.011827,192474.987063,0.000000,85842.923979,102512.834978,106022.205182,141479.644761
67,-0.011819,192423.046063,0.000000,85842.923979,102512.834978,43159.954768,141479.644761
68,-0.011753,191974.390373,0.000000,85842.923979,102512.834978,-45570.249809,141479.644761
69,-0.011645,191240.084117,0.000000,85842.923979,102512.834978,-36944.070388,141479.644761
70,-0.011631,191146.171827,110785.246637,85842.923979,102512.834978,-9269.358082,141479.644761
71,-0.011620,191073.246399,0.000000,85842.923979,102512.834978,19553.576043,141479.644761
72,-0.011565,190700.330960,0.000000,85842.923979,102512.834978,108289.398168,141479.644761
73,-0.011453,189942.394011,0.000000,85842.923979,102512.834978,24561.500784,141479.644761
74,-0.011374,189402.729149,0.000000,85842.923979,102512.834978,27816.365552,141479.644761
75,-0.011369,189374.828615,0.000000,85842.923979,102512.834978,13832.363185,141479.644761
76,-0.011358,189294.374394,0.000000,85842.923979,102512.834978,24790.298818,141479.644761
77,-0.011172,188039.493629,0.000000,85842.923979,102512.834978,-249.573621,141479.644761
78,-0.011090,187480.455141,0.000000,85842.923979,102512.834978,-117239.364233,141479.644761
79,-0.011056,187249.048908,0.000000,85842.923979,102512.834978,209650.733533,141479.644761
80,-0.011011,186946.998909,0.000000,85842.923979,102512.834978,-1201.757873,141479.644761
81,-0.010992,186812.643040,0.000000,85842.923979,102512.834978,-6535.999841,141479.644761
82,-0.010915,186290.722170,0.000000,85842.923979,102512.834978,1152.240389,141479.644761
83,-0.010893,186143.097509,0.000000,85842.923979,102512.834978,171096.428750,141479.644761
84,-0.010784,185403.172718,0.000000,85842.923979,102512.834978,-145628.511838,141479.644761
85,-0.010511,183555.169735,0.000000,85842.923979,102512.834978,73018.381413,141479.644761
86,-0.010500,183477.273481,0.000000,85842.923979,102512.834978,47183.551383,141479.644761
87,-0.010438,183054.896387,0.000000,85842.923979,102512.834978,-1315.196058,141479.644761
88,-0.010296,182094.254145,0.000000,85842.923979,102512.834978,38515.018190,141479.644761
89,-0.010247,181759.148627,0.000000,85842.923979,102512.834978,81724.791516,141479.644761
90,-0.010170,181234.237879,0.000000,85842.923979,102512.834978,17964.654208,141479.644761
91,-0.010138,181020.086099,0.000000,85842.923979,102512.834978,-73477.423773,141479.644761
92,-0.010077,180604.169867,0.000000,85842.923979,102512.834978,39331.289084,141479.644761
93,-0.009995,180044.186590,0.000000,85842.923979,102512.834978,-145315.460455,141479.644761
94,-0.009942,179684.158298,0.000000,85842.923979,102512.834978,-123057.117671,141479.644761
95,-0.009876,179241.419110,0.000000,85842.923979,102512.834978,141226.155413,141479.644761
96,-0.009873,179217.974268,0.000000,85842.923979,102512.834978,-38539.985183,141479.644761
97,-0.009830,178924.494335,0.000000,85842.923979,102512.834978,-28705.384524,141479.644761
98,-0.009811,178799.935461,110768.949579,85842.923979,102512.834978,-34240.530256,141479.644761
99,-0.009799,178718.347406,0.000000,85842.923979,102512.834978,-13422.349321,141479.644761
100,-0.009641,177642.077542,0.000000,85842.923979,102512.834978,-119878.485414,141479.644761
101,-0.009618,177484.350060,0.000000,85842.923979,102512.834978,-59593.591865,141479.644761
102,-0.009583,177246.546465,0.000000,85842.923979,102512.834978,-54457.376434,141479.644761
103,-0.009525,176849.266546,0.000000,85842.923979,102512.834978,11715.881866,141479.644761
104,-0.009523,176840.899715,0.000000,85842.923979,102512.834978,34879.492961,141479.644761
105,-0.009502,176693.661990,110766.175579,85842.923979,102512.834978,-22652.189061,141479.644761
106,-0.009445,176306.364276,0.000000,85842.923979,102512.834978,-97621.858056,141479.644761
107,-0.009344,175621.117176,0.000000,85842.923979,102512.834978,-101372.124388,141479.644761
108,-0.009291,175258.768725,0.000000,85842.923979,102512.834978,-30209.848883,141479.644761
109,-0.009283,175201.859396,0.000000,85842.923979,102512.834978,222040.096068,141479.644761
110,-0.009282,175201.220701,110764.211211,85842.923979,102512.834978,185833.446712,141479.644761
111,-0.009260,175047.874542,0.000000,85842.923979,102512.834978,18423.414239,141479.644761
112,-0.009258,175033.170209,0.000000,85842.923979,102512.834978,20278.978012,141479.644761
113,-0.009146,174271.695055,0.000000,85842.923979,102512.834978,11454.186031,141479.644761
114,-0.009106,173999.677719,0.000000,85842.923979,102512.834978,-37491.857612,141479.644761
115,-0.009095,173925.466015,0.000000,85842.923979,102512.834978,-46972.364293,141479.644761
116,-0.009014,173370.397710,0.000000,85842.923979,102512.834978,-55627.809200,141479.644761
117,-0.008991,173214.735760,0.000000,85842.923979,102512.834978,16654.084301,141479.644761
118,-0.008935,172838.379737,0.000000,85842.923979,102512.834978,42018.422429,141479.644761
119,-0.008881,172464.660902,0.000000,85842.923979,102512.834978,63383.076735,141479.644761
120,-0.008861,172329.261338,0.000000,85842.923979,102512.834978,72056.839732,141479.644761
121,-0.008824,172080.267678,0.000000,85842.923979,102512.834978,121060.011882,141479.644761
122,-0.008806,171958.730455,0.000000,85842.923979,102512.834978,-104866.333946,141479.644761
123,-0.008762,171653.418615,110759.545716,85842.923979,102512.834978,6205.646395,141479.644761
124,-0.008760,171644.090672,0.000000,85842.923979,102512.834978,7310.869325,141479.644761
125,-0.008719,171359.838923,0.000000,85842.923979,102512.834978,68719.880916,141479.644761
126,-0.008686,171141.052889,0.000000,85842.923979,102512.834978,-109879.860975,141479.644761
127,-0.008671,171035.862856,0.000000,85842.923979,102512.834978,65603.230283,141479.644761
128,-0.008667,171009.847691,0.000000,85842.923979,102512.834978,27072.886694,141479.644761
129,-0.008656,170936.955454,0.000000,85842.923979,102512.834978,39803.868124,141479.644761
130,-0.008650,170891.436973,110758.544470,85842.923979,102512.834978,-38905.842454,141479.644761
131,-0.008649,170887.338148,0.000000,85842.923979,102512.834978,-47699.909181,141479.644761
132,-0.008625,170719.554316,0.000000,85842.923979,102512.834978,-129642.178866,141479.644761
133,-0.008587,170465.338481,0.000000,85842.923979,102512.834978,-25714.251160,141479.644761
134,-0.008530,170075.269756,0.000000,85842.923979,102512.834978,114449.388491,141479.644761
135,-0.008526,170048.921850,0.000000,85842.923979,102512.834978,14771.726743,141479.644761
136,-0.008404,169217.400260,0.000000,85842.923979,102512.834978,-119265.589607,141479.644761
137,-0.008311,168582.472978,0.000000,85842.923979,102512.834978,62307.271404,141479.644761
138,-0.008240,168093.675940,0.000000,85842.923979,102512.834978,-45210.486592,141479.644761
139,-0.008199,167819.680692,110754.511119,85842.923979,102512.834978,49387.815980,141479.644761
140,-0.008177,167669.495088,0.000000,85842.923979,102512.834978,-20807.513259,141479.644761
141,-0.008147,167462.611916,0.000000,85842.923979,102512.834978,17060.798129,141479.644761
142,-0.008146,167451.665157,0.000000,85842.923979,102512.834978,-28719.643481,141479.644761
143,-0.008140,167415.002024,0.000000,85842.923979,102512.834978,-49751.261541,141479.644761
144,-0.008082,167019.215942,0.000000,85842.923979,102512.834978,10957.965905,141479.644761
145,-0.008017,166571.525056,0.000000,85842.923979,102512.834978,-69178.333780,141479.644761
146,-0.007962,166195.422333,110752.380362,85842.923979,102512.834978,-13123.795070,141479.644761
147,-0.007939,166042.968394,0.000000,85842.923979,102512.834978,45933.042812,141479.644761
148,-0.007831,165306.147202,0.000000,85842.923979,102512.834978,-21325.705974,141479.644761
149,-0.007777,164934.663119,0.000000,85842.923979,102512.834978,114372.956840,141479.644761
150,-0.007715,164510.816195,0.000000,85842.923979,102512.834978,-4771.998728,141479.644761
151,-0.007713,164493.935183,0.000000,85842.923979,102512.834978,74177.302542,141479.644761
152,-0.007645,164030.061625,110749.541967,85842.923979,102512.834978,26710.774811,141479.644761
153,-0.007629,163924.685103,0.000000,85842.923979,102512.834978,6711.919791,141479.644761
154,-0.007560,163453.451781,0.000000,85842.923979,102512.834978,19285.820997,141479.644761
155,-0.007553,163400.485082,0.000000,85842.923979,102512.834978,33020.803965,141479.644761
156,-0.007520,163177.283347,0.000000,85842.923979,102512.834978,187629.153459,141479.644761
157,-0.007389,162284.443934,0.000000,85842.923979,102512.834978,18969.254917,141479.644761
158,-0.007336,161915.729971,0.000000,85842.923979,102512.834978,152750.378630,141479.644761
159,-0.007314,161771.150140,0.000000,85842.923979,102512.834978,-5563.659369,141479.644761
160,-0.007301,161677.439191,110746.461051,85842.923979,102512.834978,-97736.026486,141479.644761
161,-0.007282,161549.670692,110746.293820,85842.923979,102512.834978,-36895.713069,141479.644761
162,-0.007281,161542.795852,0.000000,85842.923979,102512.834978,56854.249494,141479.644761
163,-0.007208,161044.263640,0.000000,85842.923979,102512.834978,35396.692756,141479.644761
164,-0.007180,160849.289232,0.000000,85842.923979,102512.834978,121124.889763,141479.644761
165,-0.007176,160820.623924,0.000000,85842.923979,102512.834978,58135.221852,141479.644761
166,-0.007039,159887.212672,0.000000,85842.923979,102512.834978,-66192.156776,141479.644761
167,-0.006994,159579.230846,0.000000,85842.923979,102512.834978,-79810.713099,141479.644761
168,-0.006933,159160.033303,0.000000,85842.923979,102512.834978,-80509.483356,141479.644761
169,-0.006851,158597.223591,0.000000,85842.923979,102512.834978,-25788.391641,141479.644761
170,-0.006782,158123.700066,0.000000,85842.923979,102512.834978,91214.193154,141479.644761
171,-0.006742,157848.160634,0.000000,85842.923979,102512.834978,-59667.031429,141479.644761
172,-0.006737,157816.188672,0.000000,85842.923979,102512.834978,45760.626911,141479.644761
173,-0.006725,157732.610523,0.000000,85842.923979,102512.834978,-49134.657996,141479.644761
174,-0.006720,157696.796567,0.000000,85842.923979,102512.834978,-97286.464791,141479.644761
175,-0.006715,157664.550097,0.000000,85842.923979,102512.834978,8342.658424,141479.644761
176,-0.006684,157451.456591,0.000000,85842.923979,102512.834978,-4376.511529,141479.644761
177,-0.006673,157378.149599,0.000000,85842.923979,102512.834978,105768.668369,141479.644761
178,-0.006667,157334.041721,0.000000,85842.923979,102512.834978,-68361.312118,141479.644761
179,-0.006608,156933.552643,0.000000,85842.923979,102512.834978,-91786.202470,141479.644761
180,-0.006581,156744.850207,0.000000,85842.923979,102512.834978,-16091.325369,141479.644761
181,-0.006567,156647.338276,0.000000,85842.923979,102512.834978,-5751.828006,141479.644761
182,-0.006519,156319.667938,0.000000,85842.923979,102512.834978,51086.913494,141479.644761
183,-0.006496,156161.731063,0.000000,85842.923979,102512.834978,-2937.832379,141479.644761
184,-0.006473,156004.980059,0.000000,85842.923979,102512.834978,-68301.467111,141479.644761
185,-0.006466,155957.325746,0.000000,85842.923979,102512.834978,-41775.105968,141479.644761
186,-0.006458,155902.465401,0.000000,85842.923979,102512.834978,-102811.506823,141479.644761
187,-0.006441,155788.322969,0.000000,85842.923979,102512.834978,-93257.580637,141479.644761
188,-0.006436,155749.664066,0.000000,85842.923979,102512.834978,-88347.732155,141479.644761
189,-0.006419,155638.549136,0.000000,85842.923979,102512.834978,-50820.905782,141479.644761
190,-0.006400,155507.006982,0.000000,85842.923979,102512.834978,60621.555752,141479.644761
191,-0.006390,155434.848067,0.000000,85842.923979,102512.834978,101452.755294,141479.644761
192,-0.006351,155171.325051,0.000000,85842.923979,102512.834978,108228.087111,141479.644761
193,-0.006319,154947.981051,110737.666457,85842.923979,102512.834978,-102612.208149,141479.644761
194,-0.006308,154876.379244,0.000000,85842.923979,102512.834978,-132635.702766,141479.644761
195,-0.006306,154860.368042,110737.552143,85842.923979,102512.834978,-9592.056610,141479.644761
196,-0.006303,154838.297840,0.000000,85842.923979,102512.834978,84426.657545,141479.644761
197,-0.006280,154679.715715,0.000000,85842.923979,102512.834978,-41129.806054,141479.644761
198,-0.006238,154392.560151,0.000000,85842.923979,102512.834978,-91044.501660,141479.644761
199,-0.006181,154001.206765,0.000000,85842.923979,102512.834978,74073.808246,141479.644761
200,-0.006177,153975.288996,0.000000,85842.923979,102512.834978,16458.935378,141479.644761
201,-0.006153,153807.761293,0.000000,85842.923979,102512.834978,-69932.822242,141479.644761
202,-0.006065,153206.470252,0.000000,85842.923979,102512.834978,-122040.365181,141479.644761
203,-0.006053,153119.195951,110735.281388,85842.923979,102512.834978,70760.119151,141479.644761
204,-0.006018,152881.174657,0.000000,85842.923979,102512.834978,-133730.962686,141479.644761
205,-0.005994,152713.726618,0.000000,85842.923979,102512.834978,85140.319202,141479.644761
206,-0.005991,152697.909297,0.000000,85842.923979,102512.834978,36933.034092,141479.644761
207,-0.005946,152389.347653,0.000000,85842.923979,102512.834978,143667.239223,141479.644761
208,-0.005939,152341.966632,0.000000,85842.923979,102512.834978,59581.486771,141479.644761
209,-0.005882,151948.242933,0.000000,85842.923979,102512.834978,-60959.064000,141479.644761
210,-0.005806,151421.339736,110733.069080,85842.923979,102512.834978,-19664.755114,141479.644761
211,-0.005786,151287.563968,0.000000,85842.923979,102512.834978,-37549.391059,141479.644761
212,-0.005786,151284.706625,0.000000,85842.923979,102512.834978,53042.532752,141479.644761
213,-0.005750,151036.217549,0.000000,85842.923979,102512.834978,-42090.398388,141479.644761
214,-0.005723,150855.456003,110732.332172,85842.923979,102512.834978,38544.793002,141479.644761
215,-0.005689,150618.349158,0.000000,85842.923979,102512.834978,-19905.610203,141479.644761
216,-0.005546,149637.848414,0.000000,85842.923979,102512.834978,65756.770243,141479.644761
217,-0.005451,148978.307624,0.000000,85842.923979,102512.834978,32970.917520,141479.644761
218,-0.005445,148943.074244,0.000000,85842.923979,102512.834978,-16188.265597,141479.644761
219,-0.005295,147908.753184,0.000000,85842.923979,102512.834978,-167166.448221,141479.644761
220,-0.005261,147669.226943,0.000000,85842.923979,102512.834978,-20510.042298,141479.644761
221,-0.005256,147638.706475,0.000000,85842.923979,102512.834978,19808.222503,141479.644761
222,-0.005206,147290.962104,0.000000,85842.923979,102512.834978,-37256.504791,141479.644761
223,-0.005187,147160.073653,0.000000,85842.923979,102512.834978,-105575.032580,141479.644761
224,-0.005153,146930.157934,0.000000,85842.923979,102512.834978,131408.114081,141479.644761
225,-0.005145,146874.769885,0.000000,85842.923979,102512.834978,14253.284668,141479.644761
226,-0.005026,146054.520731,0.000000,85842.923979,102512.834978,-3786.187387,141479.644761
227,-0.004932,145406.523732,0.000000,85842.923979,102512.834978,-1569.354820,141479.644761
228,-0.004909,145243.553785,110725.036708,85842.923979,102512.834978,-38832.630288,141479.644761
229,-0.004884,145075.644200,0.000000,85842.923979,102512.834978,-54321.011945,141479.644761
230,-0.004798,144480.595660,0.000000,85842.923979,102512.834978,-14422.209163,141479.644761
231,-0.004780,144353.843088,0.000000,85842.923979,102512.834978,-20010.025985,141479.644761
232,-0.004696,143777.173846,0.000000,85842.923979,102512.834978,79428.916573,141479.644761
233,-0.004522,142574.411274,0.000000,85842.923979,102512.834978,67324.886399,141479.644761
234,-0.004507,142467.802323,0.000000,85842.923979,102512.834978,-82305.531192,141479.644761
235,-0.004506,142461.731949,0.000000,85842.923979,102512.834978,13996.235889,141479.644761
236,-0.004504,142446.964941,0.000000,85842.923979,102512.834978,-26543.678543,141479.644761
237,-0.004497,142397.668898,0.000000,85842.923979,102512.834978,-58749.552562,141479.644761
238,-0.004489,142343.565894,0.000000,85842.923979,102512.834978,2094.357927,141479.644761
239,-0.004430,141937.616531,0.000000,85842.923979,102512.834978,-14210.443110,141479.644761
240,-0.004375,141555.544603,0.000000,85842.923979,102512.834978,-92236.186059,141479.644761
241,-0.004343,141330.862179,0.000000,85842.923979,102512.834978,67364.271339,141479.644761
242,-0.004227,140534.039980,0.000000,85842.923979,102512.834978,-64236.305231,141479.644761
243,-0.004215,140446.494689,0.000000,85842.923979,102512.834978,87158.441650,141479.644761
244,-0.004205,140380.656375,0.000000,85842.923979,102512.834978,60163.447660,141479.644761
245,-0.004205,140377.678833,0.000000,85842.923979,102512.834978,39270.697772,141479.644761
246,-0.004174,140162.416111,0.000000,85842.923979,102512.834978,-78575.866380,141479.644761
247,-0.004052,139320.878605,0.000000,85842.923979,102512.834978,-19237.786493,141479.644761
248,-0.004042,139252.969010,0.000000,85842.923979,102512.834978,-13993.173683,141479.644761
249,-0.003957,138658.796325,110716.507886,85842.923979,102512.834978,-28524.423700,141479.644761
250,-0.003898,138254.876387,0.000000,85842.923979,102512.834978,-6835.926231,141479.644761
251,-0.003868,138044.958387,0.000000,85842.923979,102512.834978,-68032.006464,141479.644761
252,-0.003854,137949.626908,0.000000,85842.923979,102512.834978,-68840.022766,141479.644761
253,-0.003728,137075.718099,110714.462932,85842.923979,102512.834978,-34954.732854,141479.644761
254,-0.003658,136587.624604,0.000000,85842.923979,102512.834978,-130199.039277,141479.644761
255,-0.003655,136565.356299,0.000000,85842.923979,102512.834978,120195.619388,141479.644761
256,-0.003636,136435.386145,0.000000,85842.923979,102512.834978,43450.528223,141479.644761
257,-0.003604,136209.893900,0.000000,85842.923979,102512.834978,-111406.935338,141479.644761
258,-0.003566,135947.983296,0.000000,85842.923979,102512.834978,23004.975651,141479.644761
259,-0.003545,135800.317210,0.000000,85842.923979,102512.834978,33720.128748,141479.644761
260,-0.003519,135622.342979,110712.587524,85842.923979,102512.834978,-22212.596915,141479.644761
261,-0.003502,135507.894117,0.000000,85842.923979,102512.834978,32221.537259,141479.644761
262,-0.003482,135369.337186,0.000000,85842.923979,102512.834978,-58787.125435,141479.644761
263,-0.003454,135168.491514,110712.002284,85842.923979,102512.834978,-156500.591733,141479.644761
264,-0.003449,135138.090401,0.000000,85842.923979,102512.834978,41386.112277,141479.644761
265,-0.003351,134453.762918,0.000000,85842.923979,102512.834978,77937.462327,141479.644761
266,-0.003305,134136.952791,0.000000,85842.923979,102512.834978,-56993.997128,141479.644761
267,-0.003292,134044.977895,0.000000,85842.923979,102512.834978,42359.262332,141479.644761
268,-0.003262,133838.567101,0.000000,85842.923979,102512.834978,-104548.795313,141479.644761
269,-0.003194,133360.650371,110709.673022,85842.923979,102512.834978,-11129.554663,141479.644761
270,-0.003167,133175.206813,0.000000,85842.923979,102512.834978,-41321.052871,141479.644761
271,-0.003153,133078.887920,0.000000,85842.923979,102512.834978,34777.564419,141479.644761
272,-0.003140,132987.137889,0.000000,85842.923979,102512.834978,88516.833922,141479.644761
273,-0.003131,132926.540245,0.000000,85842.923979,102512.834978,23755.437838,141479.644761
274,-0.003126,132890.233414,0.000000,85842.923979,102512.834978,57839.489653,141479.644761
275,-0.003120,132846.908573,0.000000,85842.923979,102512.834978,121060.638597,141479.644761
276,-0.003118,132837.227006,0.000000,85842.923979,102512.834978,-74459.309411,141479.644761
277,-0.003118,132837.149579,0.000000,85842.923979,102512.834978,-72821.342367,141479.644761
278,-0.003086,132615.018520,110708.713257,85842.923979,102512.834978,-11199.472208,141479.644761
279,-0.003067,132478.361595,0.000000,85842.923979,102512.834978,-16207.900718,141479.644761
280,-0.002990,131942.399541,0.000000,85842.923979,102512.834978,-12502.128789,141479.644761
281,-0.002923,131474.503877,0.000000,85842.923979,102512.834978,-3277.146073,141479.644761
282,-0.002881,131182.480778,0.000000,85842.923979,102512.834978,2334.497013,141479.644761
283,-0.002861,131043.523619,0.000000,85842.923979,102512.834978,-2693.514992,141479.644761
284,-0.002860,131038.899703,0.000000,85842.923979,102512.834978,-34949.200846,141479.644761
285,-0.002804,130650.643535,0.000000,85842.923979,102512.834978,17795.028671,141479.644761
286,-0.002791,130555.598149,0.000000,85842.923979,102512.834978,-124757.092334,141479.644761
287,-0.002718,130046.853463,0.000000,85842.923979,102512.834978,19008.518082,141479.644761
288,-0.002698,129907.612573,0.000000,85842.923979,102512.834978,-61106.807771,141479.644761
289,-0.002647,129554.015542,0.000000,85842.923979,102512.834978,-24020.413187,141479.644761
290,-0.002608,129284.374545,0.000000,85842.923979,102512.834978,21933.861591,141479.644761
291,-0.002556,128914.875053,0.000000,85842.923979,102512.834978,-24463.132242,141479.644761
292,-0.002474,128342.505757,0.000000,85842.923979,102512.834978,-88220.258759,141479.644761
293,-0.002464,128272.880397,0.000000,85842.923979,102512.834978,13989.456053,141479.644761
294,-0.002403,127848.765706,110702.591611,85842.923979,102512.834978,73478.843042,141479.644761
295,-0.002397,127807.523257,0.000000,85842.923979,102512.834978,69014.350488,141479.644761
296,-0.002392,127774.664714,110702.496628,85842.923979,102512.834978,74141.231704,141479.644761
297,-0.002381,127696.263904,0.000000,85842.923979,102512.834978,47057.444491,141479.644761
298,-0.002340,127410.791102,0.000000,85842.923979,102512.834978,-25045.886196,141479.644761
299,-0.002240,126712.570838,0.000000,85842.923979,102512.834978,51705.936780,141479.644761
300,-0.002155,126118.169655,0.000000,85842.923979,102512.834978,22789.895691,141479.644761
301,-0.002146,126049.501281,0.000000,85842.923979,102512.834978,8794.800425,141479.644761
302,-0.002125,125902.945737,0.000000,85842.923979,102512.834978,6097.736199,141479.644761
303,-0.002085,125624.097092,0.000000,85842.923979,102512.834978,-47239.971713,141479.644761
304,-0.002068,125504.026670,0.000000,85842.923979,102512.834978,41299.396999,141479.644761
305,-0.002037,125287.891806,110699.312611,85842.923979,102512.834978,33175.354418,141479.644761
306,-0.002021,125176.932006,0.000000,85842.923979,102512.834978,25169.185094,141479.644761
307,-0.001954,124706.862860,110698.569688,85842.923979,102512.834978,-49771.097288,141479.644761
308,-0.001902,124343.765407,0.000000,85842.923979,102512.834978,109266.922874,141479.644761
309,-0.001831,123848.240537,0.000000,85842.923979,102512.834978,29897.215817,141479.644761
310,-0.001815,123731.716925,0.000000,85842.923979,102512.834978,-38819.548330,141479.644761
311,-0.001811,123702.190115,0.000000,85842.923979,102512.834978,-32342.203897,141479.644761
312,-0.001775,123455.423297,110696.970902,85842.923979,102512.834978,77512.388063,141479.644761
313,-0.001769,123410.857478,0.000000,85842.923979,102512.834978,33209.097203,141479.644761
314,-0.001748,123263.888700,0.000000,85842.923979,102512.834978,48940.395041,141479.644761
315,-0.001686,122827.547700,0.000000,85842.923979,102512.834978,-12064.999998,141479.644761
316,-0.001662,122658.348915,0.000000,85842.923979,102512.834978,-32197.081551,141479.644761
317,-0.001651,122583.984915,0.000000,85842.923979,102512.834978,26368.391304,141479.644761
318,-0.001595,122188.082493,0.000000,85842.923979,102512.834978,37557.570517,141479.644761
319,-0.001577,122064.833535,0.000000,85842.923979,102512.834978,93083.624709,141479.644761
320,-0.001516,121631.978669,0.000000,85842.923979,102512.834978,-6372.841911,141479.644761
321,-0.001457,121219.230811,0.000000,85842.923979,102512.834978,-17075.905125,141479.644761
322,-0.001434,121057.686397,0.000000,85842.923979,102512.834978,9923.633960,141479.644761
323,-0.001406,120859.276210,0.000000,85842.923979,102512.834978,-27468.413187,141479.644761
324,-0.001378,120665.127847,0.000000,85842.923979,102512.834978,-42558.871043,141479.644761
325,-0.001369,120602.464224,0.000000,85842.923979,102512.834978,-41941.375026,141479.644761
326,-0.001307,120167.730573,0.000000,85842.923979,102512.834978,37112.230869,141479.644761
327,-0.001291,120050.560090,110692.630665,85842.923979,102512.834978,22194.002658,141479.644761
328,-0.001281,119984.671861,0.000000,85842.923979,102512.834978,-15904.874085,141479.644761
329,-0.001255,119795.717390,0.000000,85842.923979,102512.834978,-1799.121967,141479.644761
330,-0.001241,119701.343904,0.000000,85842.923979,102512.834978,12388.194061,141479.644761
331,-0.001226,119592.227577,110692.047541,85842.923979,102512.834978,-71782.724659,141479.644761
332,-0.001164,119154.794955,0.000000,85842.923979,102512.834978,-23391.285971,141479.644761
333,-0.001057,118402.205716,0.000000,85842.923979,102512.834978,5807.790295,141479.644761
334,-0.001051,118360.864916,0.000000,85842.923979,102512.834978,93552.761350,141479.644761
335,-0.001024,118170.641264,0.000000,85842.923979,102512.834978,36684.349930,141479.644761
336,-0.001016,118115.607960,0.000000,85842.923979,102512.834978,-20312.550836,141479.644761
337,-0.001011,118076.481553,0.000000,85842.923979,102512.834978,-17182.797681,141479.644761
338,-0.000971,117797.075005,0.000000,85842.923979,102512.834978,-10259.351488,141479.644761
339,-0.000943,117600.863337,0.000000,85842.923979,102512.834978,-2799.894766,141479.644761
340,-0.000932,117519.139468,0.000000,85842.923979,102512.834978,20617.240455,141479.644761
341,-0.000927,117487.328784,0.000000,85842.923979,102512.834978,29621.443844,141479.644761
342,-0.000915,117401.170326,0.000000,85842.923979,102512.834978,-48906.411141,141479.644761
343,-0.000877,117132.090198,0.000000,85842.923979,102512.834978,21157.528311,141479.644761
344,-0.000871,117088.774547,0.000000,85842.923979,102512.834978,-96463.328800,141479.644761
345,-0.000848,116929.064048,0.000000,85842.923979,102512.834978,-7200.099663,141479.644761
346,-0.000798,116579.039357,110688.220907,85842.923979,102512.834978,20431.378905,141479.644761
347,-0.000785,116485.442483,0.000000,85842.923979,102512.834978,-34413.586547,141479.644761
348,-0.000778,116436.833774,0.000000,85842.923979,102512.834978,-32451.198363,141479.644761
349,-0.000769,116367.663643,110687.952934,85842.923979,102512.834978,110306.289809,141479.644761
350,-0.000738,116152.887754,0.000000,85842.923979,102512.834978,27433.898200,141479.644761
351,-0.000714,115980.543507,0.000000,85842.923979,102512.834978,-56997.420616,141479.644761
352,-0.000705,115916.594107,0.000000,85842.923979,102512.834978,33402.028024,141479.644761
353,-0.000685,115775.311312,0.000000,85842.923979,102512.834978,-2391.659836,141479.644761
354,-0.000682,115752.816898,0.000000,85842.923979,102512.834978,-2965.888121,141479.644761
355,-0.000674,115697.571625,0.000000,85842.923979,102512.834978,-77802.553835,141479.644761
356,-0.000664,115626.139591,0.000000,85842.923979,102512.834978,-22946.616750,141479.644761
357,-0.000615,115281.902656,0.000000,85842.923979,102512.834978,14472.235951,141479.644761
358,-0.000592,115123.093462,110686.376403,85842.923979,102512.834978,60332.390451,141479.644761
359,-0.000585,115067.443755,0.000000,85842.923979,102512.834978,9423.736624,141479.644761
360,-0.000563,114912.208191,0.000000,85842.923979,102512.834978,-51892.281101,141479.644761
361,-0.000522,114626.424883,0.000000,85842.923979,102512.834978,-4057.408574,141479.644761
362,-0.000510,114535.929628,0.000000,85842.923979,102512.834978,-36649.695980,141479.644761
363,-0.000479,114322.562749,0.000000,85842.923979,102512.834978,-35648.631515,141479.644761
364,-0.000475,114294.476124,0.000000,85842.923979,102512.834978,-25817.714185,141479.644761
365,-0.000462,114197.310954,0.000000,85842.923979,102512.834978,9040.634182,141479.644761
366,-0.000451,114119.714118,0.000000,85842.923979,102512.834978,-45802.494144,141479.644761
367,-0.000420,113903.726671,0.000000,85842.923979,102512.834978,30407.146568,141479.644761
368,-0.000396,113731.713587,0.000000,85842.923979,102512.834978,46414.176498,141479.644761
369,-0.000342,113345.477543,110684.128539,85842.923979,102512.834978,-37258.762330,141479.644761
370,-0.000302,113063.024393,0.000000,85842.923979,102512.834978,-12340.036189,141479.644761
371,-0.000286,112951.444686,0.000000,85842.923979,102512.834978,30722.859522,141479.644761
372,-0.000249,112687.652146,0.000000,85842.923979,102512.834978,-14057.734899,141479.644761
373,-0.000243,112648.686795,0.000000,85842.923979,102512.834978,-51465.442796,141479.644761
374,-0.000240,112628.084413,0.000000,85842.923979,102512.834978,26926.530658,141479.644761
375,-0.000236,112599.106563,0.000000,85842.923979,102512.834978,-1221.523716,141479.644761
376,-0.000209,112402.569955,0.000000,85842.923979,102512.834978,9868.945692,141479.644761
377,-0.000176,112168.109101,0.000000,85842.923979,102512.834978,-82147.331047,141479.644761
378,-0.000164,112086.966072,0.000000,85842.923979,102512.834978,-13521.504594,141479.644761
379,-0.000153,112011.162717,0.000000,85842.923979,102512.834978,-19538.527368,141479.644761
380,-0.000058,111335.257625,0.000000,85842.923979,102512.834978,-33429.907018,141479.644761
381,-0.000036,111177.440450,0.000000,85842.923979,102512.834978,-49222.192871,141479.644761
382,0.000016,110807.675818,0.000000,85842.923979,102512.834978,-7022.109639,141479.644761
383,0.000025,110742.402010,0.000000,85842.923979,102512.834978,-58357.922224,141479.644761
384,0.000049,110575.414721,0.000000,85842.923979,102512.834978,19414.685262,141479.644761
385,0.000093,110259.646055,0.000000,85842.923979,102512.834978,24894.312030,141479.644761
386,0.000112,110120.771735,0.000000,85842.923979,102512.834978,42992.314583,141479.644761
387,0.000119,110072.200615,0.000000,85842.923979,102512.834978,-54444.373685,141479.644761
388,0.000146,109879.362814,0.000000,85842.923979,102512.834978,32039.970217,141479.644761
389,0.000182,109621.981997,0.000000,85842.923979,102512.834978,16193.045499,141479.644761
390,0.000214,109399.255299,0.000000,85842.923979,102512.834978,12092.546170,141479.644761
391,0.000238,109226.495307,0.000000,85842.923979,102512.834978,-22301.284958,141479.644761
392,0.000265,109032.170077,0.000000,85842.923979,102512.834978,85033.661789,141479.644761
393,0.000295,108821.587425,0.000000,85842.923979,102512.834978,25874.127676,141479.644761
394,0.000339,108504.219982,0.000000,85842.923979,102512.834978,28657.095618,141479.644761
395,0.000370,108285.620186,0.000000,85842.923979,102512.834978,13993.836630,141479.644761
396,0.000370,108284.709612,0.000000,85842.923979,102512.834978,38604.731298,141479.644761
397,0.000381,108207.055223,0.000000,85842.923979,102512.834978,57214.631959,141479.644761
398,0.000414,107969.872703,0.000000,85842.923979,102512.834978,13016.646475,141479.644761
399,0.000417,107947.766289,0.000000,85842.923979,102512.834978,-1230.848923,141479.644761
400,0.000443,107765.899690,0.000000,85842.923979,102512.834978,-29932.842553,141479.644761
401,0.000445,107752.814174,0.000000,85842.923979,102512.834978,95396.268823,141479.644761
402,0.000449,107723.183967,0.000000,85842.923979,102512.834978,43693.120404,141479.644761
403,0.000457,107662.702903,0.000000,85842.923979,102512.834978,14252.952326,141479.644761
404,0.000511,107278.619571,0.000000,85842.923979,102512.834978,-68271.637391,141479.644761
405,0.000539,107077.773192,0.000000,85842.923979,102512.834978,-24652.809515,141479.644761
406,0.000546,107028.986274,0.000000,85842.923979,102512.834978,10393.988609,141479.644761
407,0.000554,106973.023418,0.000000,85842.923979,102512.834978,32809.774321,141479.644761
408,0.000573,106832.974867,0.000000,85842.923979,102512.834978,-51256.634387,141479.644761
409,0.000584,106758.860045,0.000000,85842.923979,102512.834978,11255.898826,141479.644761
410,0.000632,106410.940218,0.000000,85842.923979,102512.834978,21597.166345,141479.644761
411,0.000635,106390.980507,0.000000,85842.923979,102512.834978,-9785.938504,141479.644761
412,0.000657,106236.446039,110675.188401,85842.923979,102512.834978,41230.613086,141479.644761
413,0.000664,106182.666073,0.000000,85842.923979,102512.834978,42947.675368,141479.644761
414,0.000667,106158.823501,0.000000,85842.923979,102512.834978,-41222.040507,141479.644761
415,0.000678,106082.913091,0.000000,85842.923979,102512.834978,20194.627506,141479.644761
416,0.000712,105842.757616,0.000000,85842.923979,102512.834978,37460.561907,141479.644761
417,0.000719,105792.477014,0.000000,85842.923979,102512.834978,1922.207179,141479.644761
418,0.000724,105751.342559,0.000000,85842.923979,102512.834978,-29218.305505,141479.644761
419,0.000925,104316.561629,0.000000,85842.923979,102512.834978,15515.534081,141479.644761
420,0.000938,104217.408926,0.000000,85842.923979,102512.834978,-9514.706133,141479.644761
421,0.000966,104019.665939,0.000000,85842.923979,102512.834978,-7655.202208,141479.644761
422,0.000979,103923.295891,0.000000,85842.923979,102512.834978,65319.623417,141479.644761
423,0.000981,103909.778773,0.000000,85842.923979,102512.834978,15047.463749,141479.644761
424,0.001006,103731.368281,0.000000,85842.923979,102512.834978,-24040.870638,141479.644761
425,0.001030,103558.475320,0.000000,85842.923979,102512.834978,-38918.190747,141479.644761
426,0.001034,103529.174335,110671.806608,85842.923979,102512.834978,36140.657983,141479.644761
427,0.001082,103186.582140,0.000000,85842.923979,102512.834978,-48726.269522,141479.644761
428,0.001123,102888.407180,0.000000,85842.923979,102512.834978,-733.355366,141479.644761
429,0.001157,102645.707966,0.000000,85842.923979,102512.834978,32136.046109,141479.644761
430,0.001183,102460.494440,0.000000,85842.923979,102512.834978,-39604.957323,141479.644761
431,0.001219,102197.549971,0.000000,85842.923979,102512.834978,49914.253149,141479.644761
432,0.001233,102098.283241,0.000000,85842.923979,102512.834978,14145.147425,141479.644761
433,0.001243,102027.495346,0.000000,85842.923979,102512.834978,8185.523175,141479.644761
434,0.001271,101822.723362,0.000000,85842.923979,102512.834978,47953.062314,141479.644761
435,0.001341,101321.295383,0.000000,85842.923979,102512.834978,41032.057544,141479.644761
436,0.001379,101046.058805,0.000000,85842.923979,102512.834978,-9631.116665,141479.644761
437,0.001397,100921.031809,0.000000,85842.923979,102512.834978,122.193215,141479.644761
438,0.001445,100573.834493,0.000000,85842.923979,102512.834978,27198.164606,141479.644761
439,0.001462,100451.165598,0.000000,85842.923979,102512.834978,5947.530155,141479.644761
440,0.001512,100090.763101,0.000000,85842.923979,102512.834978,22394.198185,141479.644761
441,0.001537,99906.817164,0.000000,85842.923979,102512.834978,15463.385906,141479.644761
442,0.001541,99879.612854,0.000000,85842.923979,102512.834978,86267.471083,141479.644761
443,0.001617,99328.671158,0.000000,85842.923979,102512.834978,62035.081336,141479.644761
444,0.001661,99011.260513,0.000000,85842.923979,102512.834978,51927.530120,141479.644761
445,0.001685,98835.520516,110665.977001,85842.923979,102512.834978,-7199.597107,141479.644761
446,0.001737,98462.514777,0.000000,85842.923979,102512.834978,-9007.455281,141479.644761
447,0.001738,98449.100442,0.000000,85842.923979,102512.834978,-36586.639919,141479.644761
448,0.001739,98443.418168,0.000000,85842.923979,102512.834978,-6316.488777,141479.644761
449,0.001756,98321.380601,0.000000,85842.923979,102512.834978,-92195.277130,141479.644761
450,0.001771,98216.376596,0.000000,85842.923979,102512.834978,4187.188954,141479.644761
451,0.001789,98079.229404,0.000000,85842.923979,102512.834978,43698.041496,141479.644761
452,0.001820,97857.930908,0.000000,85842.923979,102512.834978,-305.566519,141479.644761
453,0.001826,97817.228633,0.000000,85842.923979,102512.834978,-42582.129253,141479.644761
454,0.001856,97597.543833,0.000000,85842.923979,102512.834978,-40962.644176,141479.644761
455,0.001881,97419.108434,0.000000,85842.923979,102512.834978,-6497.433506,141479.644761
456,0.001890,97353.783206,0.000000,85842.923979,102512.834978,-23768.286549,141479.644761
457,0.001895,97314.000142,0.000000,85842.923979,102512.834978,-64767.370255,141479.644761
458,0.001928,97076.837267,0.000000,85842.923979,102512.834978,31866.132543,141479.644761
459,0.001986,96655.994992,0.000000,85842.923979,102512.834978,6314.903822,141479.644761
460,0.002004,96520.017009,0.000000,85842.923979,102512.834978,129213.960764,141479.644761
461,0.002017,96429.991194,0.000000,85842.923979,102512.834978,-30948.372513,141479.644761
462,0.002032,96320.621180,0.000000,85842.923979,102512.834978,-49562.426880,141479.644761
463,0.002032,96317.316635,110662.868339,85842.923979,102512.834978,28995.750334,141479.644761
464,0.002070,96044.368342,110662.532239,85842.923979,102512.834978,-2878.168513,141479.644761
465,0.002095,95859.840288,0.000000,85842.923979,102512.834978,-6678.091337,141479.644761
466,0.002105,95789.714928,0.000000,85842.923979,102512.834978,7978.249883,141479.644761
467,0.002105,95788.648857,0.000000,85842.923979,102512.834978,-40002.866365,141479.644761
468,0.002113,95732.378533,0.000000,85842.923979,102512.834978,1078.330474,141479.644761
469,0.002158,95398.683971,110661.737844,85842.923979,102512.834978,-24323.284571,141479.644761
470,0.002197,95114.840147,0.000000,85842.923979,102512.834978,13595.866348,141479.644761
471,0.002206,95052.539604,0.000000,85842.923979,102512.834978,28925.693414,141479.644761
472,0.002232,94862.796439,0.000000,85842.923979,102512.834978,22561.898444,141479.644761
473,0.002238,94819.351360,0.000000,85842.923979,102512.834978,23963.477394,141479.644761
474,0.002250,94730.592274,0.000000,85842.923979,102512.834978,57887.523880,141479.644761
475,0.002294,94413.405672,110660.527513,85842.923979,102512.834978,-12110.816337,141479.644761
476,0.002361,93917.635100,0.000000,85842.923979,102512.834978,-30312.326890,141479.644761
477,0.002378,93793.522586,0.000000,85842.923979,102512.834978,-7590.233780,141479.644761
478,0.002390,93709.112117,0.000000,85842.923979,102512.834978,-23140.736353,141479.644761
479,0.002420,93491.312994,0.000000,85842.923979,102512.834978,-4656.928687,141479.644761
480,0.002456,93223.278120,0.000000,85842.923979,102512.834978,-56742.709439,141479.644761
481,0.002479,93060.366261,0.000000,85842.923979,102512.834978,-7567.028039,141479.644761
482,0.002484,93023.955766,110658.824638,85842.923979,102512.834978,-18699.615300,141479.644761
483,0.002495,92944.179102,0.000000,85842.923979,102512.834978,-5280.703747,141479.644761
484,0.002495,92937.321956,0.000000,85842.923979,102512.834978,27545.234164,141479.644761
485,0.002526,92715.711801,0.000000,85842.923979,102512.834978,34370.266308,141479.644761
486,0.002530,92687.337624,0.000000,85842.923979,102512.834978,-17681.212077,141479.644761
487,0.002594,92212.644682,0.000000,85842.923979,102512.834978,19204.396557,141479.644761
488,0.002596,92202.444839,0.000000,85842.923979,102512.834978,-16612.112957,141479.644761
489,0.002597,92197.091450,0.000000,85842.923979,102512.834978,42849.171082,141479.644761
490,0.002644,91850.504801,0.000000,85842.923979,102512.834978,80530.657069,141479.644761
491,0.002685,91547.488819,0.000000,85842.923979,102512.834978,-46904.832892,141479.644761
492,0.002747,91093.009081,110656.466078,85842.923979,102512.834978,62653.803080,141479.644761
493,0.002780,90848.428935,0.000000,85842.923979,102512.834978,-77951.251534,141479.644761
494,0.002796,90732.277721,0.000000,85842.923979,102512.834978,27670.901423,141479.644761
495,0.002812,90614.031160,110655.882511,85842.923979,102512.834978,38788.792043,141479.644761
496,0.002816,90582.655622,0.000000,85842.923979,102512.834978,7031.721384,141479.644761
497,0.002831,90477.758479,0.000000,85842.923979,102512.834978,28070.665216,141479.644761
498,0.002868,90199.816652,110655.378336,85842.923979,102512.834978,-1311.961206,141479.644761
499,0.002883,90095.507090,0.000000,85842.923979,102512.834978,-22335.157840,141479.644761
500,0.002897,89991.784101,0.000000,85842.923979,102512.834978,60919.077678,141479.644761
501,0.002941,89666.126857,0.000000,85842.923979,102512.834978,-36886.152196,141479.644761
502,0.002951,89593.589578,0.000000,85842.923979,102512.834978,4046.245931,141479.644761
503,0.003041,88926.313212,110653.831133,85842.923979,102512.834978,1099.064574,141479.644761
504,0.003081,88630.747819,0.000000,85842.923979,102512.834978,-6270.495331,141479.644761
505,0.003105,88452.422435,0.000000,85842.923979,102512.834978,20422.781342,141479.644761
506,0.003132,88256.644726,0.000000,85842.923979,102512.834978,77325.978990,141479.644761
507,0.003154,88095.147744,0.000000,85842.923979,102512.834978,-21591.203990,141479.644761
508,0.003169,87982.861583,0.000000,85842.923979,102512.834978,-20426.386352,141479.644761
509,0.003189,87834.550241,0.000000,85842.923979,102512.834978,-59449.143274,141479.644761
510,0.003256,87334.907599,0.000000,85842.923979,102512.834978,-27467.067570,141479.644761
511,0.003271,87228.719295,0.000000,85842.923979,102512.834978,14535.951492,141479.644761
512,0.003285,87123.853047,0.000000,85842.923979,102512.834978,26315.136806,141479.644761
513,0.003369,86500.370227,0.000000,85842.923979,102512.834978,8028.503712,141479.644761
514,0.003370,86492.408347,110650.886699,85842.923979,102512.834978,-27561.356840,141479.644761
515,0.003404,86242.068349,0.000000,85842.923979,102512.834978,49580.960730,141479.644761
516,0.003430,86042.482054,110650.344274,85842.923979,102512.834978,-18280.559493,141479.644761
517,0.003457,85841.965363,0.000000,85842.923979,102512.834978,-7108.952024,141479.644761
518,0.003484,85643.770716,0.000000,85842.923979,102512.834978,-11519.536300,141479.644761
519,0.003490,85597.759292,0.000000,85842.923979,102512.834978,-5164.100567,141479.644761
520,0.003514,85418.751092,110649.593310,85842.923979,102512.834978,-16902.649043,141479.644761
521,0.003520,85376.289795,0.000000,85842.923979,102512.834978,28225.235629,141479.644761
522,0.003546,85183.196857,0.000000,85842.923979,102512.834978,-27824.124667,141479.644761
523,0.003579,84939.668294,0.000000,85842.923979,102512.834978,16644.960214,141479.644761
524,0.003613,84686.652491,0.000000,85842.923979,102512.834978,44445.815693,141479.644761
525,0.003613,84682.716070,0.000000,85842.923979,102512.834978,-3113.072877,141479.644761
526,0.003655,84371.556492,0.000000,85842.923979,102512.834978,-2144.892158,141479.644761
527,0.003711,83948.299731,0.000000,85842.923979,102512.834978,23638.711912,141479.644761
528,0.003747,83680.625038,0.000000,85842.923979,102512.834978,-36366.558687,141479.644761
529,0.003764,83555.042329,0.000000,85842.923979,102512.834978,1837.983584,141479.644761
530,0.003777,83455.186835,0.000000,85842.923979,102512.834978,-8844.758287,141479.644761
531,0.003867,82783.705056,110646.434012,85842.923979,102512.834978,-23729.348006,141479.644761
532,0.003903,82511.239469,0.000000,85842.923979,102512.834978,-44710.250858,141479.644761
533,0.003908,82479.077251,0.000000,85842.923979,102512.834978,16536.073867,141479.644761
534,0.003924,82359.811922,0.000000,85842.923979,102512.834978,-29249.052008,141479.644761
535,0.003945,82199.249324,0.000000,85842.923979,102512.834978,-23182.367765,141479.644761
536,0.003964,82057.245302,0.000000,85842.923979,102512.834978,-12291.022608,141479.644761
537,0.003970,82013.802916,0.000000,85842.923979,102512.834978,-6070.243428,141479.644761
538,0.003979,81941.865420,0.000000,85842.923979,102512.834978,-44968.233868,141479.644761
539,0.003993,81841.618378,0.000000,85842.923979,102512.834978,-1779.386018,141479.644761
540,0.004003,81764.531729,0.000000,85842.923979,102512.834978,-1674.464446,141479.644761
541,0.004013,81685.655032,0.000000,85842.923979,102512.834978,-21909.115721,141479.644761
542,0.004028,81576.832549,0.000000,85842.923979,102512.834978,16663.361680,141479.644761
543,0.004045,81449.443632,0.000000,85842.923979,102512.834978,-31751.037323,141479.644761
544,0.004053,81391.025354,0.000000,85842.923979,102512.834978,22083.354335,141479.644761
545,0.004081,81177.090965,0.000000,85842.923979,102512.834978,-33124.263341,141479.644761
546,0.004097,81055.958068,0.000000,85842.923979,102512.834978,-70548.176083,141479.644761
547,0.004108,80973.762515,0.000000,85842.923979,102512.834978,15240.847678,141479.644761
548,0.004121,80873.521396,0.000000,85842.923979,102512.834978,25791.598889,141479.644761
549,0.004140,80730.221280,0.000000,85842.923979,102512.834978,30170.530758,141479.644761
550,0.004146,80689.766045,0.000000,85842.923979,102512.834978,-42250.313135,141479.644761
551,0.004195,80319.094992,110643.499535,85842.923979,102512.834978,-14201.312875,141479.644761
552,0.004239,79986.737269,110643.105408,85842.923979,102512.834978,16223.569511,141479.644761
553,0.004241,79970.847725,0.000000,85842.923979,102512.834978,-43641.711612,141479.644761
554,0.004255,79861.856613,0.000000,85842.923979,102512.834978,-10305.685168,141479.644761
555,0.004257,79847.111280,0.000000,85842.923979,102512.834978,-7149.461259,141479.644761
556,0.004257,79846.662384,0.000000,85842.923979,102512.834978,-11526.083885,141479.644761
557,0.004259,79830.411418,0.000000,85842.923979,102512.834978,-35218.720502,141479.644761
558,0.004312,79432.696944,0.000000,85842.923979,102512.834978,1477.121411,141479.644761
559,0.004323,79350.830773,0.000000,85842.923979,102512.834978,-18668.774933,141479.644761
560,0.004364,79037.265791,0.000000,85842.923979,102512.834978,25682.814935,141479.644761
561,0.004389,78848.302759,0.000000,85842.923979,102512.834978,-300.749546,141479.644761
562,0.004415,78653.522518,0.000000,85842.923979,102512.834978,-15395.446910,141479.644761
563,0.004420,78616.474183,110641.484638,85842.923979,102512.834978,-6990.101310,141479.644761
564,0.004448,78405.097190,0.000000,85842.923979,102512.834978,-36500.391379,141479.644761
565,0.004475,78197.050309,110640.989902,85842.923979,102512.834978,-60711.862816,141479.644761
566,0.004479,78162.462923,0.000000,85842.923979,102512.834978,-61386.290965,141479.644761
567,0.004514,77901.671243,0.000000,85842.923979,102512.834978,8460.690794,141479.644761
568,0.004529,77783.036368,0.000000,85842.923979,102512.834978,14877.714471,141479.644761
569,0.004591,77313.896628,0.000000,85842.923979,102512.834978,6209.903186,141479.644761
570,0.004624,77064.139489,0.000000,85842.923979,102512.834978,-42714.019409,141479.644761
571,0.004635,76979.220705,0.000000,85842.923979,102512.834978,-73889.587403,141479.644761
572,0.004648,76880.688736,0.000000,85842.923979,102512.834978,-2254.132463,141479.644761
573,0.004672,76692.493375,0.000000,85842.923979,102512.834978,-14865.455168,141479.644761
574,0.004701,76478.315902,110638.969467,85842.923979,102512.834978,-2908.578453,141479.644761
575,0.004738,76188.664058,0.000000,85842.923979,102512.834978,-37038.543848,141479.644761
576,0.004782,75854.106977,0.000000,85842.923979,102512.834978,55130.486395,141479.644761
577,0.004823,75538.585524,0.000000,85842.923979,102512.834978,51754.469209,141479.644761
578,0.004841,75405.943426,0.000000,85842.923979,102512.834978,50417.239194,141479.644761
579,0.004870,75177.151503,0.000000,85842.923979,102512.834978,22609.471449,141479.644761
580,0.004901,74938.699100,0.000000,85842.923979,102512.834978,32416.671597,141479.644761
581,0.004925,74757.064749,0.000000,85842.923979,102512.834978,13178.999987,141479.644761
582,0.005001,74171.685414,0.000000,85842.923979,102512.834978,3885.496861,141479.644761
583,0.005002,74169.085706,0.000000,85842.923979,102512.834978,21258.471593,141479.644761
584,0.005009,74108.729706,0.000000,85842.923979,102512.834978,8655.325798,141479.644761
585,0.005042,73860.443891,110635.914445,85842.923979,102512.834978,-4677.602690,141479.644761
586,0.005051,73791.627174,0.000000,85842.923979,102512.834978,30364.072638,141479.644761
587,0.005093,73462.842426,0.000000,85842.923979,102512.834978,11866.827575,141479.644761
588,0.005100,73408.534847,110635.389939,85842.923979,102512.834978,-20458.108292,141479.644761
589,0.005139,73106.420524,0.000000,85842.923979,102512.834978,14823.634473,141479.644761
590,0.005147,73043.244064,0.000000,85842.923979,102512.834978,-48868.616245,141479.644761
591,0.005157,72966.390717,0.000000,85842.923979,102512.834978,27481.164502,141479.644761
592,0.005191,72708.497043,0.000000,85842.923979,102512.834978,-6882.302933,141479.644761
593,0.005200,72636.702641,0.000000,85842.923979,102512.834978,-348.311810,141479.644761
594,0.005201,72626.736416,0.000000,85842.923979,102512.834978,5118.536651,141479.644761
595,0.005224,72450.221597,0.000000,85842.923979,102512.834978,12819.812007,141479.644761
596,0.005228,72419.539505,0.000000,85842.923979,102512.834978,17778.817128,141479.644761
597,0.005236,72359.224857,0.000000,85842.923979,102512.834978,16720.216162,141479.644761
598,0.005247,72274.666778,0.000000,85842.923979,102512.834978,35188.368960,141479.644761
599,0.005260,72174.863449,0.000000,85842.923979,102512.834978,-16795.149853,141479.644761
600,0.005295,71896.074486,0.000000,85842.923979,102512.834978,-14370.566525,141479.644761
601,0.005303,71834.313982,0.000000,85842.923979,102512.834978,-30881.659368,141479.644761
602,0.005325,71665.698234,0.000000,85842.923979,102512.834978,-3636.447644,141479.644761
603,0.005429,70854.154726,0.000000,85842.923979,102512.834978,1088.641418,141479.644761
604,0.005508,70237.848474,0.000000,85842.923979,102512.834978,-9482.799161,141479.644761
605,0.005516,70176.239841,0.000000,85842.923979,102512.834978,-8868.882627,141479.644761
606,0.005534,70033.256679,0.000000,85842.923979,102512.834978,23491.887539,141479.644761
607,0.005583,69653.723721,0.000000,85842.923979,102512.834978,-4605.364872,141479.644761
608,0.005632,69266.179471,0.000000,85842.923979,102512.834978,6490.243637,141479.644761
609,0.005656,69080.265111,0.000000,85842.923979,102512.834978,22903.451644,141479.644761
610,0.005660,69046.577360,0.000000,85842.923979,102512.834978,-10872.399000,141479.644761
611,0.005679,68896.745076,0.000000,85842.923979,102512.834978,7149.380137,141479.644761
612,0.005691,68804.866700,0.000000,85842.923979,102512.834978,21025.426380,141479.644761
613,0.005691,68802.409170,110630.095835,85842.923979,102512.834978,30342.940073,141479.644761
614,0.005719,68581.172734,0.000000,85842.923979,102512.834978,37123.759211,141479.644761
615,0.005720,68574.315770,0.000000,85842.923979,102512.834978,6582.763281,141479.644761
616,0.005743,68398.463853,0.000000,85842.923979,102512.834978,46291.334326,141479.644761
617,0.005775,68142.787990,0.000000,85842.923979,102512.834978,-9698.640992,141479.644761
618,0.005788,68037.542393,0.000000,85842.923979,102512.834978,35017.559968,141479.644761
619,0.005793,68000.913606,0.000000,85842.923979,102512.834978,-26577.622386,141479.644761
620,0.005798,67958.175858,0.000000,85842.923979,102512.834978,-4733.546017,141479.644761
621,0.005842,67612.744560,0.000000,85842.923979,102512.834978,16836.068546,141479.644761
622,0.005908,67093.989810,110628.158016,85842.923979,102512.834978,-881.871509,141479.644761
623,0.005919,67001.884908,0.000000,85842.923979,102512.834978,1202.972379,141479.644761
624,0.005929,66925.419150,0.000000,85842.923979,102512.834978,-11063.544221,141479.644761
625,0.005959,66682.595098,0.000000,85842.923979,102512.834978,-983.646839,141479.644761
626,0.005961,66672.872924,0.000000,85842.923979,102512.834978,14935.670721,141479.644761
627,0.006117,65425.999643,0.000000,85842.923979,102512.834978,16336.442110,141479.644761
628,0.006128,65340.952874,0.000000,85842.923979,102512.834978,-51992.287765,141479.644761
629,0.006194,64815.561577,0.000000,85842.923979,102512.834978,-30040.134965,141479.644761
630,0.006215,64642.973040,0.000000,85842.923979,102512.834978,-26385.535463,141479.644761
631,0.006357,63501.966185,0.000000,85842.923979,102512.834978,21866.321749,141479.644761
632,0.006381,63306.552921,110623.917162,85842.923979,102512.834978,-8888.796388,141479.644761
633,0.006414,63040.925370,110623.622763,85842.923979,102512.834978,-4316.798989,141479.644761
634,0.006417,63016.748541,110623.595988,85842.923979,102512.834978,586.183760,141479.644761
635,0.006423,62964.223220,0.000000,85842.923979,102512.834978,24691.765795,141479.644761
636,0.006436,62861.941821,0.000000,85842.923979,102512.834978,44991.621468,141479.644761
637,0.006483,62484.516063,0.000000,85842.923979,102512.834978,-5496.707516,141479.644761
638,0.006546,61971.828140,0.000000,85842.923979,102512.834978,-5244.033951,141479.644761
639,0.006588,61626.055386,0.000000,85842.923979,102512.834978,-296.928032,141479.644761
640,0.006609,61461.200614,0.000000,85842.923979,102512.834978,-7029.174807,141479.644761
641,0.006690,60796.425457,0.000000,85842.923979,102512.834978,51610.000356,141479.644761
642,0.006710,60628.860305,0.000000,85842.923979,102512.834978,31622.438785,141479.644761
643,0.006740,60386.985004,0.000000,85842.923979,102512.834978,-14300.202685,141479.644761
644,0.006760,60221.828457,0.000000,85842.923979,102512.834978,894.890349,141479.644761
645,0.006781,60044.959794,0.000000,85842.923979,102512.834978,-9988.682223,141479.644761
646,0.006809,59817.389410,0.000000,85842.923979,102512.834978,-4630.840018,141479.644761
647,0.006876,59264.104981,0.000000,85842.923979,102512.834978,-16119.953002,141479.644761
648,0.006893,59124.891597,0.000000,85842.923979,102512.834978,26526.361462,141479.644761
649,0.006954,58619.015787,0.000000,85842.923979,102512.834978,4694.855876,141479.644761
650,0.006984,58374.325031,0.000000,85842.923979,102512.834978,-7068.769284,141479.644761
651,0.006998,58253.309527,0.000000,85842.923979,102512.834978,-9283.616306,141479.644761
652,0.007116,57265.799980,110617.331002,85842.923979,102512.834978,-35676.922772,141479.644761
653,0.007164,56870.705495,0.000000,85842.923979,102512.834978,-3181.326543,141479.644761
654,0.007165,56856.957532,0.000000,85842.923979,102512.834978,23490.558160,141479.644761
655,0.007183,56704.076498,0.000000,85842.923979,102512.834978,-1079.688452,141479.644761
656,0.007187,56674.673592,110616.699608,85842.923979,102512.834978,-23981.851831,141479.644761
657,0.007197,56591.515182,0.000000,85842.923979,102512.834978,-2385.660246,141479.644761
658,0.007197,56588.535047,0.000000,85842.923979,102512.834978,22494.491651,141479.644761
659,0.007219,56402.209721,0.000000,85842.923979,102512.834978,14425.434550,141479.644761
660,0.007222,56379.601286,0.000000,85842.923979,102512.834978,3317.994116,141479.644761
661,0.007224,56367.313248,0.000000,85842.923979,102512.834978,-19681.829161,141479.644761
662,0.007337,55406.293519,0.000000,85842.923979,102512.834978,-8434.700019,141479.644761
663,0.007392,54942.640359,0.000000,85842.923979,102512.834978,-8618.709085,141479.644761
664,0.007399,54881.182617,0.000000,85842.923979,102512.834978,23857.057036,141479.644761
665,0.007445,54493.286075,0.000000,85842.923979,102512.834978,20213.032628,141479.644761
666,0.007449,54457.597387,0.000000,85842.923979,102512.834978,-22987.193293,141479.644761
667,0.007449,54457.021342,0.000000,85842.923979,102512.834978,-7988.180878,141479.644761
668,0.007456,54399.336652,0.000000,85842.923979,102512.834978,-7933.299425,141479.644761
669,0.007461,54356.703855,0.000000,85842.923979,102512.834978,45906.301305,141479.644761
670,0.007506,53968.515100,0.000000,85842.923979,102512.834978,-25569.665637,141479.644761
671,0.007544,53646.109722,0.000000,85842.923979,102512.834978,20216.680872,141479.644761
672,0.007608,53090.772719,0.000000,85842.923979,102512.834978,37302.417033,141479.644761
673,0.007654,52691.544039,0.000000,85842.923979,102512.834978,35929.436499,141479.644761
674,0.007751,51855.578872,0.000000,85842.923979,102512.834978,-30690.465442,141479.644761
675,0.007759,51781.254852,0.000000,85842.923979,102512.834978,16741.011139,141479.644761
676,0.007768,51705.364701,0.000000,85842.923979,102512.834978,-2322.827725,141479.644761
677,0.007805,51378.472821,0.000000,85842.923979,102512.834978,-41638.323288,141479.644761
678,0.007835,51115.433541,0.000000,85842.923979,102512.834978,-3493.175266,141479.644761
679,0.007854,50956.592149,0.000000,85842.923979,102512.834978,-14134.491824,141479.644761
680,0.007856,50934.230244,0.000000,85842.923979,102512.834978,4256.157426,141479.644761
681,0.007892,50619.826478,0.000000,85842.923979,102512.834978,7871.453137,141479.644761
682,0.007935,50239.563267,0.000000,85842.923979,102512.834978,-7586.327501,141479.644761
683,0.007948,50121.198277,0.000000,85842.923979,102512.834978,-3823.883478,141479.644761
684,0.007964,49982.494705,110609.739918,85842.923979,102512.834978,-23012.232686,141479.644761
685,0.008021,49479.452632,0.000000,85842.923979,102512.834978,37548.944845,141479.644761
686,0.008031,49390.399255,0.000000,85842.923979,102512.834978,-15196.277250,141479.644761
687,0.008079,48963.526245,0.000000,85842.923979,102512.834978,115.974719,141479.644761
688,0.008079,48957.098058,0.000000,85842.923979,102512.834978,-6061.372206,141479.644761
689,0.008082,48934.585443,110608.684477,85842.923979,102512.834978,14513.232508,141479.644761
690,0.008098,48791.109330,110608.540759,85842.923979,102512.834978,-9703.155378,141479.644761
691,0.008115,48642.585287,0.000000,85842.923979,102512.834978,-16003.882098,141479.644761
692,0.008118,48614.302896,0.000000,85842.923979,102512.834978,33908.006810,141479.644761
693,0.008119,48606.209375,0.000000,85842.923979,102512.834978,10567.836076,141479.644761
694,0.008119,48604.618255,0.000000,85842.923979,102512.834978,-8592.561871,141479.644761
695,0.008154,48287.784226,0.000000,85842.923979,102512.834978,410.117211,141479.644761
696,0.008168,48167.096975,0.000000,85842.923979,102512.834978,23178.311542,141479.644761
697,0.008184,48022.501856,0.000000,85842.923979,102512.834978,-2853.862036,141479.644761
698,0.008212,47762.921686,0.000000,85842.923979,102512.834978,-5859.948339,141479.644761
699,0.008257,47356.041031,0.000000,85842.923979,102512.834978,41051.476907,141479.644761
700,0.008289,47066.668889,0.000000,85842.923979,102512.834978,13668.963758,141479.644761
701,0.008309,46881.406995,0.000000,85842.923979,102512.834978,-8943.698696,141479.644761
702,0.008314,46837.579103,0.000000,85842.923979,102512.834978,-5245.451054,141479.644761
703,0.008349,46524.103927,0.000000,85842.923979,102512.834978,7952.121509,141479.644761
704,0.008374,46291.239611,0.000000,85842.923979,102512.834978,-24759.001859,141479.644761
705,0.008406,45993.872503,0.000000,85842.923979,102512.834978,2895.699482,141479.644761
706,0.008422,45846.531153,0.000000,85842.923979,102512.834978,22374.750541,141479.644761
707,0.008442,45664.008353,0.000000,85842.923979,102512.834978,9069.879293,141479.644761
708,0.008476,45350.763897,0.000000,85842.923979,102512.834978,12884.451915,141479.644761
709,0.008493,45193.347404,0.000000,85842.923979,102512.834978,-17824.456682,141479.644761
710,0.008494,45181.879546,0.000000,85842.923979,102512.834978,15571.312867,141479.644761
711,0.008501,45123.542026,0.000000,85842.923979,102512.834978,53342.527664,141479.644761
712,0.008517,44969.610341,0.000000,85842.923979,102512.834978,-9383.850439,141479.644761
713,0.008529,44856.005890,0.000000,85842.923979,102512.834978,-9489.316793,141479.644761
714,0.008532,44833.359866,0.000000,85842.923979,102512.834978,15749.893630,141479.644761
715,0.008542,44735.240860,0.000000,85842.923979,102512.834978,10160.264984,141479.644761
716,0.008561,44560.213771,0.000000,85842.923979,102512.834978,15335.851293,141479.644761
717,0.008568,44491.195816,0.000000,85842.923979,102512.834978,-29471.637147,141479.644761
718,0.008636,43861.196133,0.000000,85842.923979,102512.834978,-2508.177403,141479.644761
719,0.008659,43639.770577,0.000000,85842.923979,102512.834978,10901.426957,141479.644761
720,0.008714,43120.584859,0.000000,85842.923979,102512.834978,7140.279201,141479.644761
721,0.008730,42967.443561,0.000000,85842.923979,102512.834978,9682.663350,141479.644761
722,0.008742,42856.658460,0.000000,85842.923979,102512.834978,-22029.398381,141479.644761
723,0.008752,42753.933820,0.000000,85842.923979,102512.834978,-16115.223523,141479.644761
724,0.008774,42548.723180,0.000000,85842.923979,102512.834978,-23506.340347,141479.644761
725,0.008778,42507.520357,0.000000,85842.923979,102512.834978,-1338.601868,141479.644761
726,0.008780,42486.666619,0.000000,85842.923979,102512.834978,-17015.950375,141479.644761
727,0.008799,42307.115809,0.000000,85842.923979,102512.834978,19265.169633,141479.644761
728,0.008879,41532.692754,0.000000,85842.923979,102512.834978,11077.115764,141479.644761
729,0.008883,41493.506305,0.000000,85842.923979,102512.834978,5171.988319,141479.644761
730,0.009012,40239.819968,110600.358478,85842.923979,102512.834978,-13671.095673,141479.644761
731,0.009037,39986.891945,0.000000,85842.923979,102512.834978,293.134005,141479.644761
732,0.009066,39704.052561,0.000000,85842.923979,102512.834978,19510.726548,141479.644761
733,0.009078,39579.698689,0.000000,85842.923979,102512.834978,-32583.192795,141479.644761
734,0.009136,39003.043351,0.000000,85842.923979,102512.834978,-16539.116322,141479.644761
735,0.009144,38921.504213,0.000000,85842.923979,102512.834978,4405.849851,141479.644761
736,0.009230,38047.374111,0.000000,85842.923979,102512.834978,1606.575832,141479.644761
737,0.009265,37699.699756,0.000000,85842.923979,102512.834978,-11799.797279,141479.644761
738,0.009328,37047.953846,0.000000,85842.923979,102512.834978,-7447.155495,141479.644761
739,0.009347,36854.753483,0.000000,85842.923979,102512.834978,11581.515824,141479.644761
740,0.009367,36643.952521,0.000000,85842.923979,102512.834978,19222.446199,141479.644761
741,0.009390,36401.596888,110596.968314,85842.923979,102512.834978,23684.171030,141479.644761
742,0.009397,36324.149233,0.000000,85842.923979,102512.834978,-15939.283943,141479.644761
743,0.009445,35820.600914,110596.472695,85842.923979,102512.834978,25359.914861,141479.644761
744,0.009494,35301.906456,0.000000,85842.923979,102512.834978,22716.143425,141479.644761
745,0.009556,34640.164510,0.000000,85842.923979,102512.834978,-18045.741227,141479.644761
746,0.009585,34327.891326,0.000000,85842.923979,102512.834978,-10824.784567,141479.644761
747,0.009642,33709.040355,0.000000,85842.923979,102512.834978,25916.260947,141479.644761
748,0.009712,32938.149660,0.000000,85842.923979,102512.834978,-14034.146113,141479.644761
749,0.009722,32828.995488,0.000000,85842.923979,102512.834978,-29184.644896,141479.644761
750,0.009774,32245.731077,0.000000,85842.923979,102512.834978,-23951.885286,141479.644761
751,0.009835,31552.717173,110592.987549,85842.923979,102512.834978,15802.035450,141479.644761
752,0.009904,30754.447400,0.000000,85842.923979,102512.834978,24532.684724,141479.644761
753,0.009917,30594.053811,0.000000,85842.923979,102512.834978,-9694.361569,141479.644761
754,0.009947,30251.720529,0.000000,85842.923979,102512.834978,17373.290813,141479.644761
755,0.010002,29595.719851,0.000000,85842.923979,102512.834978,32916.440359,141479.644761
756,0.010040,29138.362256,0.000000,85842.923979,102512.834978,-13079.007779,141479.644761
757,0.010047,29053.244288,0.000000,85842.923979,102512.834978,20999.493696,141479.644761
758,0.010047,29052.393253,0.000000,85842.923979,102512.834978,-2465.481145,141479.644761
759,0.010048,29038.604966,0.000000,85842.923979,102512.834978,7380.936730,141479.644761
760,0.010057,28938.601410,0.000000,85842.923979,102512.834978,-12380.632212,141479.644761
761,0.010062,28868.291588,0.000000,85842.923979,102512.834978,7017.553952,141479.644761
762,0.010077,28685.810589,0.000000,85842.923979,102512.834978,27020.528485,141479.644761
763,0.010114,28239.284679,0.000000,85842.923979,102512.834978,8366.957201,141479.644761
764,0.010152,27763.957447,0.000000,85842.923979,102512.834978,4546.195768,141479.644761
765,0.010172,27512.319842,0.000000,85842.923979,102512.834978,-14585.777794,141479.644761
766,0.010260,26389.294381,0.000000,85842.923979,102512.834978,-16268.561061,141479.644761
767,0.010306,25787.815941,0.000000,85842.923979,102512.834978,26818.493294,141479.644761
768,0.010346,25254.406583,0.000000,85842.923979,102512.834978,-14015.159513,141479.644761
769,0.010402,24488.429200,0.000000,85842.923979,102512.834978,34540.432006,141479.644761
770,0.010409,24396.628943,0.000000,85842.923979,102512.834978,15215.831998,141479.644761
771,0.010502,23088.147963,0.000000,85842.923979,102512.834978,-1144.143386,141479.644761
772,0.010564,22187.109323,0.000000,85842.923979,102512.834978,-15549.465160,141479.644761
773,0.010581,21927.652956,0.000000,85842.923979,102512.834978,-26184.277428,141479.644761
774,0.010602,21608.258770,0.000000,85842.923979,102512.834978,6565.818530,141479.644761
775,0.010660,20724.639882,0.000000,85842.923979,102512.834978,-18382.587026,141479.644761
776,0.010731,19583.156498,0.000000,85842.923979,102512.834978,7549.618952,141479.644761
777,0.010740,19422.311787,0.000000,85842.923979,102512.834978,-3132.045195,141479.644761
778,0.010752,19224.986357,0.000000,85842.923979,102512.834978,-3665.452409,141479.644761
779,0.010756,19157.106116,0.000000,85842.923979,102512.834978,3504.077386,141479.644761
780,0.010781,18737.527213,0.000000,85842.923979,102512.834978,8110.611488,141479.644761
781,0.010805,18332.088412,0.000000,85842.923979,102512.834978,-23167.170926,141479.644761
782,0.010817,18123.074279,0.000000,85842.923979,102512.834978,-19075.701652,141479.644761
783,0.010820,18071.562693,0.000000,85842.923979,102512.834978,4221.596664,141479.644761
784,0.010840,17702.656000,110583.979359,85842.923979,102512.834978,5111.247097,141479.644761
785,0.010851,17518.913002,0.000000,85842.923979,102512.834978,-1777.454280,141479.644761
786,0.010855,17446.266919,0.000000,85842.923979,102512.834978,-679.431299,141479.644761
787,0.010884,16903.274420,0.000000,85842.923979,102512.834978,-5340.801531,141479.644761
788,0.010888,16822.344899,0.000000,85842.923979,102512.834978,-6803.522803,141479.644761
789,0.010933,15972.120135,0.000000,85842.923979,102512.834978,-242.453688,141479.644761
790,0.010947,15681.499004,0.000000,85842.923979,102512.834978,-5883.606437,141479.644761
791,0.010975,15127.956062,0.000000,85842.923979,102512.834978,26780.344447,141479.644761
792,0.010976,15104.139404,0.000000,85842.923979,102512.834978,16026.740731,141479.644761
793,0.011006,14481.336887,0.000000,85842.923979,102512.834978,-25643.731952,141479.644761
794,0.011055,13391.852771,0.000000,85842.923979,102512.834978,-6473.802826,141479.644761
795,0.011058,13317.940987,110582.030365,85842.923979,102512.834978,20435.068362,141479.644761
796,0.011077,12878.408091,0.000000,85842.923979,102512.834978,-5288.533435,141479.644761
797,0.011082,12763.159320,0.000000,85842.923979,102512.834978,-14240.856268,141479.644761
798,0.011093,12487.200835,0.000000,85842.923979,102512.834978,19538.126211,141479.644761
799,0.011242,8097.095704,0.000000,85842.923979,102512.834978,-15763.064637,141479.644761
800,0.011279,6609.718959,0.000000,85842.923979,102512.834978,2898.294520,141479.644761
801,0.011359,0.000000,0.000000,85842.923979,102512.834978,-7896.591145,141479.644761
802,0.011362,0.000000,0.000000,85842.923979,102512.834978,-14139.613585,141479.644761
803,0.011403,0.000000,0.000000,85842.923979,102512.834978,8132.638446,141479.644761
804,0.011412,0.000000,0.000000,85842.923979,102512.834978,437.814998,141479.644761
805,0.011456,0.000000,0.000000,85842.923979,102512.834978,8443.042975,141479.644761
806,0.011471,0.000000,0.000000,85842.923979,102512.834978,21075.645921,141479.644761
807,0.011596,0.000000,0.000000,85842.923979,102512.834978,2096.021194,141479.644761
808,0.011638,0.000000,0.000000,85842.923979,102512.834978,2523.247251,141479.644761
809,0.011639,0.000000,0.000000,85842.923979,102512.834978,-10946.683840,141479.644761
810,0.011652,0.000000,110576.707634,85842.923979,102512.834978,-5412.628719,141479.644761
811,0.011757,0.000000,0.000000,85842.923979,102512.834978,-8990.543617,141479.644761
812,0.011819,0.000000,0.000000,85842.923979,102512.834978,7739.515426,141479.644761
813,0.011945,0.000000,0.000000,85842.923979,102512.834978,-13053.974573,141479.644761
814,0.011987,0.000000,0.000000,85842.923979,102512.834978,-4194.241841,141479.644761
815,0.012008,0.000000,0.000000,85842.923979,102512.834978,-6905.855961,141479.644761
816,0.012086,0.000000,0.000000,85842.923979,102512.834978,556.025277,141479.644761
817,0.012099,0.000000,0.000000,85842.923979,102512.834978,-5424.262841,141479.644761
818,0.012101,0.000000,0.000000,85842.923979,102512.834978,1480.734935,141479.644761
819,0.012131,0.000000,0.000000,85842.923979,102512.834978,8065.142402,141479.644761
820,0.012146,0.000000,0.000000,85842.923979,102512.834978,80.586988,141479.644761
821,0.012162,0.000000,0.000000,85842.923979,102512.834978,-12227.592424,141479.644761
822,0.012208,0.000000,0.000000,85842.923979,102512.834978,4679.572396,141479.644761
823,0.012233,0.000000,0.000000,85842.923979,102512.834978,-6698.017788,141479.644761
824,0.012253,0.000000,110571.330924,85842.923979,102512.834978,-4687.508064,141479.644761
825,0.012304,0.000000,0.000000,85842.923979,102512.834978,13469.207510,141479.644761
826,0.012337,0.000000,0.000000,85842.923979,102512.834978,-7601.342774,141479.644761
827,0.012383,0.000000,0.000000,85842.923979,102512.834978,-13425.156167,141479.644761
828,0.012459,0.000000,0.000000,85842.923979,102512.834978,-16631.984561,141479.644761
829,0.012463,0.000000,0.000000,85842.923979,102512.834978,-24667.505816,141479.644761
830,0.012495,0.000000,0.000000,85842.923979,102512.834978,-3999.062131,141479.644761
831,0.012500,0.000000,0.000000,85842.923979,102512.834978,-5509.445560,141479.644761
832,0.012506,0.000000,0.000000,85842.923979,102512.834978,-10697.388696,141479.644761
833,0.012515,0.000000,110568.978228,85842.923979,102512.834978,1680.767304,141479.644761
834,0.012530,0.000000,0.000000,85842.923979,102512.834978,-8351.091252,141479.644761
835,0.012547,0.000000,0.000000,85842.923979,102512.834978,1917.316653,141479.644761
836,0.012634,0.000000,0.000000,85842.923979,102512.834978,-732.930910,141479.644761
837,0.012691,0.000000,0.000000,85842.923979,102512.834978,-3674.883197,141479.644761
838,0.012718,0.000000,0.000000,85842.923979,102512.834978,2948.861444,141479.644761
839,0.012740,0.000000,0.000000,85842.923979,102512.834978,-9082.894990,141479.644761
840,0.012755,0.000000,0.000000,85842.923979,102512.834978,1296.513505,141479.644761
841,0.012802,0.000000,0.000000,85842.923979,102512.834978,16823.994251,141479.644761
842,0.012871,0.000000,0.000000,85842.923979,102512.834978,-8873.221413,141479.644761
843,0.012881,0.000000,0.000000,85842.923979,102512.834978,12197.385300,141479.644761
844,0.012923,0.000000,0.000000,85842.923979,102512.834978,-18664.188336,141479.644761
845,0.012959,0.000000,0.000000,85842.923979,102512.834978,-17793.004539,141479.644761
846,0.012961,0.000000,0.000000,85842.923979,102512.834978,-4833.460178,141479.644761
847,0.012965,0.000000,0.000000,85842.923979,102512.834978,-2479.566117,141479.644761
848,0.013048,0.000000,0.000000,85842.923979,102512.834978,-14285.602213,141479.644761
849,0.013105,0.000000,0.000000,85842.923979,102512.834978,-7153.774417,141479.644761
850,0.013108,0.000000,0.000000,85842.923979,102512.834978,19627.098110,141479.644761
851,0.013188,0.000000,0.000000,85842.923979,102512.834978,-4120.838490,141479.644761
852,0.013231,0.000000,0.000000,85842.923979,102512.834978,6996.137479,141479.644761
853,0.013291,0.000000,0.000000,85842.923979,102512.834978,3199.339348,141479.644761
854,0.013332,0.000000,0.000000,85842.923979,102512.834978,-15623.076190,141479.644761
855,0.013340,0.000000,0.000000,85842.923979,102512.834978,-3392.294094,141479.644761
856,0.013394,0.000000,0.000000,85842.923979,102512.834978,-1596.484247,141479.644761
857,0.013405,0.000000,110561.013640,85842.923979,102512.834978,-1707.966594,141479.644761
858,0.013411,0.000000,0.000000,85842.923979,102512.834978,17241.140319,141479.644761
859,0.013448,0.000000,0.000000,85842.923979,102512.834978,-624.937630,141479.644761
860,0.013484,0.000000,0.000000,85842.923979,102512.834978,12861.716703,141479.644761
861,0.013558,0.000000,0.000000,85842.923979,102512.834978,-7361.112379,141479.644761
862,0.013559,0.000000,0.000000,85842.923979,102512.834978,8911.410688,141479.644761
863,0.013622,0.000000,0.000000,85842.923979,102512.834978,17370.052046,141479.644761
864,0.013630,0.000000,0.000000,85842.923979,102512.834978,-3017.269210,141479.644761
865,0.013632,0.000000,0.000000,85842.923979,102512.834978,-13580.263024,141479.644761
866,0.013713,0.000000,0.000000,85842.923979,102512.834978,-4675.035359,141479.644761
867,0.013725,0.000000,0.000000,85842.923979,102512.834978,2229.813915,141479.644761
868,0.013881,0.000000,0.000000,85842.923979,102512.834978,5091.377337,141479.644761
869,0.013980,0.000000,0.000000,85842.923979,102512.834978,6732.205779,141479.644761
870,0.013987,0.000000,0.000000,85842.923979,102512.834978,-2246.892593,141479.644761
871,0.014028,0.000000,110555.432296,85842.923979,102512.834978,-8789.555483,141479.644761
872,0.014049,0.000000,0.000000,85842.923979,102512.834978,2034.404968,141479.644761
873,0.014073,0.000000,0.000000,85842.923979,102512.834978,14717.014700,141479.644761
874,0.014100,0.000000,0.000000,85842.923979,102512.834978,1785.573009,141479.644761
875,0.014116,0.000000,110554.641108,85842.923979,102512.834978,-2266.860643,141479.644761
876,0.014135,0.000000,0.000000,85842.923979,102512.834978,-8043.475962,141479.644761
877,0.014262,0.000000,0.000000,85842.923979,102512.834978,1585.003771,141479.644761
878,0.014268,0.000000,0.000000,85842.923979,102512.834978,-6894.991980,141479.644761
879,0.014388,0.000000,0.000000,85842.923979,102512.834978,12792.478051,141479.644761
880,0.014398,0.000000,0.000000,85842.923979,102512.834978,1677.615566,141479.644761
881,0.014423,0.000000,0.000000,85842.923979,102512.834978,-8666.708634,141479.644761
882,0.014608,0.000000,0.000000,85842.923979,102512.834978,5038.231832,141479.644761
883,0.014612,0.000000,0.000000,85842.923979,102512.834978,16852.248846,141479.644761
884,0.014704,0.000000,0.000000,85842.923979,102512.834978,527.871386,141479.644761
885,0.014750,0.000000,110548.966383,85842.923979,102512.834978,9574.576647,141479.644761
886,0.014775,0.000000,0.000000,85842.923979,102512.834978,1445.533853,141479.644761
887,0.014840,0.000000,110548.160287,85842.923979,102512.834978,-2400.060383,141479.644761
888,0.014854,0.000000,0.000000,85842.923979,102512.834978,-3685.099925,141479.644761
889,0.014896,0.000000,0.000000,85842.923979,102512.834978,4235.443190,141479.644761
890,0.014897,0.000000,0.000000,85842.923979,102512.834978,-4313.008454,141479.644761
891,0.014905,0.000000,0.000000,85842.923979,102512.834978,12568.668112,141479.644761
892,0.014910,0.000000,0.000000,85842.923979,102512.834978,15168.989263,141479.644761
893,0.014978,0.000000,0.000000,85842.923979,102512.834978,736.437826,141479.644761
894,0.015119,0.000000,0.000000,85842.923979,102512.834978,-4813.237507,141479.644761
895,0.015133,0.000000,0.000000,85842.923979,102512.834978,6111.847314,141479.644761
896,0.015185,0.000000,0.000000,85842.923979,102512.834978,-4167.910036,141479.644761
897,0.015310,0.000000,0.000000,85842.923979,102512.834978,-2832.896482,141479.644761
898,0.015381,0.000000,0.000000,85842.923979,102512.834978,-3687.764609,141479.644761
899,0.015578,0.000000,0.000000,85842.923979,102512.834978,-6168.410757,141479.644761
900,0.015583,0.000000,0.000000,85842.923979,102512.834978,-8972.363459,141479.644761
901,0.015607,0.000000,110541.286734,85842.923979,102512.834978,-2918.191547,141479.644761
902,0.015613,0.000000,0.000000,85842.923979,102512.834978,742.486079,141479.644761
903,0.015623,0.000000,0.000000,85842.923979,102512.834978,-7778.443280,141479.644761
904,0.015653,0.000000,0.000000,85842.923979,102512.834978,-7924.764485,141479.644761
905,0.015806,0.000000,110539.507305,85842.923979,102512.834978,30343.636589,141479.644761
906,0.015829,0.000000,0.000000,85842.923979,102512.834978,-1495.834592,141479.644761
907,0.015859,0.000000,0.000000,85842.923979,102512.834978,5543.967047,141479.644761
908,0.015911,0.000000,110538.569955,85842.923979,102512.834978,-4563.955404,141479.644761
909,0.015922,0.000000,110538.464731,85842.923979,102512.834978,-3412.092260,141479.644761
910,0.015951,0.000000,0.000000,85842.923979,102512.834978,41.627357,141479.644761
911,0.016087,0.000000,110536.991745,85842.923979,102512.834978,-7642.091682,141479.644761
912,0.016120,0.000000,0.000000,85842.923979,102512.834978,-11524.499914,141479.644761
913,0.016122,0.000000,110536.672583,85842.923979,102512.834978,33.766502,141479.644761
914,0.016127,0.000000,0.000000,85842.923979,102512.834978,5335.329958,141479.644761
915,0.016133,0.000000,0.000000,85842.923979,102512.834978,4040.865690,141479.644761
916,0.016160,0.000000,110536.334960,85842.923979,102512.834978,-1895.607224,141479.644761
917,0.016187,0.000000,0.000000,85842.923979,102512.834978,1420.538257,141479.644761
918,0.016197,0.000000,110536.001178,85842.923979,102512.834978,5285.813108,141479.644761
919,0.016205,0.000000,110535.934894,85842.923979,102512.834978,4818.151512,141479.644761
920,0.016324,0.000000,0.000000,85842.923979,102512.834978,4813.632281,141479.644761
921,0.016364,0.000000,0.000000,85842.923979,102512.834978,-113.068786,141479.644761
922,0.016400,0.000000,0.000000,85842.923979,102512.834978,1109.012073,141479.644761
923,0.016441,0.000000,0.000000,85842.923979,102512.834978,-8873.812209,141479.644761
924,0.016502,0.000000,0.000000,85842.923979,102512.834978,10513.784775,141479.644761
925,0.016523,0.000000,0.000000,85842.923979,102512.834978,-2937.662135,141479.644761
926,0.016672,0.000000,0.000000,85842.923979,102512.834978,617.489178,141479.644761
927,0.016682,0.000000,0.000000,85842.923979,102512.834978,1293.393357,141479.644761
928,0.016778,0.000000,0.000000,85842.923979,102512.834978,-6343.302030,141479.644761
929,0.016858,0.000000,0.000000,85842.923979,102512.834978,-6934.223244,141479.644761
930,0.016870,0.000000,0.000000,85842.923979,102512.834978,3177.361467,141479.644761
931,0.016926,0.000000,0.000000,85842.923979,102512.834978,-6085.638642,141479.644761
932,0.016930,0.000000,0.000000,85842.923979,102512.834978,703.654989,141479.644761
933,0.016978,0.000000,0.000000,85842.923979,102512.834978,-2710.652223,141479.644761
934,0.016995,0.000000,0.000000,85842.923979,102512.834978,2303.937521,141479.644761
935,0.017065,0.000000,0.000000,85842.923979,102512.834978,-2625.430379,141479.644761
936,0.017079,0.000000,0.000000,85842.923979,102512.834978,7824.104507,141479.644761
937,0.017193,0.000000,110527.086401,85842.923979,102512.834978,-4342.738464,141479.644761
938,0.017212,0.000000,0.000000,85842.923979,102512.834978,-5969.522454,141479.644761
939,0.017263,0.000000,0.000000,85842.923979,102512.834978,7889.672795,141479.644761
940,0.017279,0.000000,0.000000,85842.923979,102512.834978,7997.922436,141479.644761
941,0.017427,0.000000,0.000000,85842.923979,102512.834978,-854.598848,141479.644761
942,0.017661,0.000000,0.000000,85842.923979,102512.834978,2093.136008,141479.644761
943,0.017699,0.000000,0.000000,85842.923979,102512.834978,-4876.189311,141479.644761
944,0.017899,0.000000,0.000000,85842.923979,102512.834978,-576.976062,141479.644761
945,0.017909,0.000000,0.000000,85842.923979,102512.834978,-21.881046,141479.644761
946,0.017919,0.000000,0.000000,85842.923979,102512.834978,-8533.302077,141479.644761
947,0.017981,0.000000,0.000000,85842.923979,102512.834978,-778.327964,141479.644761
948,0.018034,0.000000,0.000000,85842.923979,102512.834978,-794.768645,141479.644761
949,0.018041,0.000000,0.000000,85842.923979,102512.834978,-3435.455708,141479.644761
950,0.018271,0.000000,0.000000,85842.923979,102512.834978,5017.312155,141479.644761
951,0.018421,0.000000,0.000000,85842.923979,102512.834978,1838.292190,141479.644761
952,0.018636,0.000000,0.000000,85842.923979,102512.834978,-923.753067,141479.644761
953,0.018778,0.000000,0.000000,85842.923979,102512.834978,2639.678829,141479.644761
954,0.018969,0.000000,0.000000,85842.923979,102512.834978,7543.208783,141479.644761
955,0.018981,0.000000,0.000000,85842.923979,102512.834978,-3157.979745,141479.644761
956,0.019039,0.000000,0.000000,85842.923979,102512.834978,-5311.167461,141479.644761
957,0.019041,0.000000,0.000000,85842.923979,102512.834978,4748.873631,141479.644761
958,0.019082,0.000000,0.000000,85842.923979,102512.834978,7498.532601,141479.644761
959,0.019233,0.000000,0.000000,85842.923979,102512.834978,2128.946733,141479.644761
960,0.019294,0.000000,0.000000,85842.923979,102512.834978,243.593456,141479.644761
961,0.019352,0.000000,0.000000,85842.923979,102512.834978,1721.621262,141479.644761
962,0.019534,0.000000,0.000000,85842.923979,102512.834978,424.856893,141479.644761
963,0.019894,0.000000,0.000000,85842.923979,102512.834978,2772.158368,141479.644761
964,0.019946,0.000000,110502.429474,85842.923979,102512.834978,-2724.451080,141479.644761
965,0.020249,0.000000,0.000000,85842.923979,102512.834978,-934.935935,141479.644761
966,0.020516,0.000000,0.000000,85842.923979,102512.834978,-470.777115,141479.644761
967,0.020571,0.000000,0.000000,85842.923979,102512.834978,-52.801521,141479.644761
968,0.020592,0.000000,0.000000,85842.923979,102512.834978,3158.599203,141479.644761
969,0.020602,0.000000,0.000000,85842.923979,102512.834978,-409.991759,141479.644761
970,0.021528,0.000000,0.000000,85842.923979,102512.834978,-3682.827064,141479.644761
971,0.021763,0.000000,0.000000,85842.923979,102512.834978,-631.786774,141479.644761
972,0.022128,0.000000,0.000000,85842.923979,102512.834978,4188.608173,141479.644761
973,0.022167,0.000000,0.000000,85842.923979,102512.834978,1543.494832,141479.644761
974,0.022317,0.000000,0.000000,85842.923979,102512.834978,-2903.010103,141479.644761
975,0.022549,0.000000,0.000000,85842.923979,102512.834978,-43.483575,141479.644761
976,0.022600,0.000000,0.000000,85842.923979,102512.834978,-617.572194,141479.644761
977,0.022608,0.000000,0.000000,85842.923979,102512.834978,-924.623893,141479.644761
978,0.022609,0.000000,0.000000,85842.923979,102512.834978,-447.521938,141479.644761
979,0.022684,0.000000,0.000000,85842.923979,102512.834978,-302.470900,141479.644761
980,0.022899,0.000000,0.000000,85842.923979,102512.834978,-1324.459100,141479.644761
981,0.023109,0.000000,0.000000,85842.923979,102512.834978,997.163611,141479.644761
982,0.023374,0.000000,0.000000,85842.923979,102512.834978,1695.581448,141479.644761
983,0.023571,0.000000,0.000000,85842.923979,102512.834978,-1215.550702,141479.644761
984,0.023576,0.000000,0.000000,85842.923979,102512.834978,1644.830253,141479.644761
985,0.023646,0.000000,0.000000,85842.923979,102512.834978,-194.998419,141479.644761
986,0.023857,0.000000,0.000000,85842.923979,102512.834978,-1059.170093,141479.644761
987,0.024186,0.000000,0.000000,85842.923979,102512.834978,628.708089,141479.644761
988,0.024416,0.000000,0.000000,85842.923979,102512.834978,-987.419373,141479.644761
989,0.024478,0.000000,110461.846475,85842.923979,102512.834978,446.163519,141479.644761
990,0.024617,0.000000,0.000000,85842.923979,102512.834978,-606.955012,141479.644761
991,0.024683,0.000000,0.000000,85842.923979,102512.834978,-321.117927,141479.644761
992,0.025670,21690.707611,0.000000,85842.923979,102512.834978,-190.618954,141479.644761
993,0.026010,26432.659452,0.000000,85842.923979,102512.834978,310.125602,141479.644761
994,0.027866,46041.915886,0.000000,85842.923979,102512.834978,-629.641626,141479.644761
995,0.028914,55272.773095,0.000000,85842.923979,102512.834978,425.833009,141479.644761
996,0.030278,66450.566811,0.000000,85842.923979,102512.834978,-312.467457,141479.644761
997,0.031059,72573.451413,0.000000,85842.923979,102512.834978,431.149802,141479.644761
998,0.036385,111759.003710,0.000000,85842.923979,102512.834978,-47.401562,141479.644761
999,0.039071,130650.862956,0.000000,85842.923979,102512.834978,-12.016139,141479.644761
